0	0.00334136325522	-0.00260707037426
1	-0.000683990993395	0.00217479467283
2	-0.0383759444123	-0.0279509551238
3	0.00151165677858	0.00265298117754
4	4.78915972635e-05	-0.000216137850712
5	0.00114571548325	0.00265298117754
6	0.00260948066457	-0.014561732992
7	0.00334136325522	0.000262048653997
8	0.00187759807391	0.00265298117754
9	-0.00617311042333	-0.00260707037426
10	0.0113920717525	0.00169660816812
11	-0.0354484140496	-0.011214427459
12	0.00334136325522	0.000262048653997
13	-0.00251369747004	0.00456572719638
14	4.78915972635e-05	-0.000216137850712
15	0.00773265879917	0.0155640168047
16	4.78915972635e-05	0.00456572719638
17	-0.005807169128	0.000740235158706
18	0.00480512843654	0.00121842166342
19	0.00480512843654	0.000740235158706
20	-0.0241042338945	0.00408754069167
21	4.78915972635e-05	-0.000216137850712
22	-0.00104993228872	-0.0236472765815
23	-0.00141587358405	0.0136512707858
24	-0.00178181487938	-0.00356344338367
25	0.0205406041357	-0.0246036495909
26	0.00663483491319	0.00839121923405
27	-0.0156875841019	0.0877701790157
28	-0.0753360152405	-0.014561732992
29	-0.000318049698066	0.00360935418696
30	-0.032520883687	-0.0222127170673
31	-0.06362589379	-0.0379928717227
32	-0.00141587358405	0.000262048653997
33	0.0029754219599	0.000262048653997
34	-0.00104993228872	0.000262048653997
35	0.00334136325522	0.00743484622463
36	0.024200017089	0.00217479467283
37	-0.00287963876537	0.000262048653997
38	0.00187759807391	0.000740235158706
39	-0.000318049698066	0.00217479467283
40	-0.000683990993395	0.000740235158706
41	-0.00141587358405	-0.000216137850712
42	0.00663483491319	-0.0351237526945
43	0.00370730455055	-0.251742239328
44	0.0501818490573	-0.0231690900767
45	-0.0460607116142	-0.0188654115344
46	0.0029754219599	-0.00165069736484
47	0.000779774187921	0.00169660816812
48	-0.00178181487938	-0.014561732992
49	4.78915972635e-05	-0.000216137850712
50	0.0106601891618	0.00313116768225
51	4.78915972635e-05	-0.000216137850712
52	-0.0453288290235	-0.00738893542135
53	4.78915972635e-05	-0.000216137850712
54	4.78915972635e-05	-0.000216137850712
55	4.78915972635e-05	-0.00691074891664
56	0.00187759807391	0.000740235158706
57	-0.000318049698066	0.000262048653997
58	-0.0193469970552	0.0203458818518
59	0.0179790150684	0.00169660816812
60	0.133250523097	0.00839121923405
61	0.0285913126329	0.00313116768225
62	0.00151165677858	-0.0126489869731
63	0.0567687923733	-0.0121708004684
64	-0.0134919363299	0.00121842166342
65	0.00407324584588	0.000740235158706
66	-0.005807169128	-0.00308525687897
67	-0.00141587358405	-0.00069432435542
68	0.00224353936924	0.0141294572906
69	0.0761636810257	0.0805973814451
70	0.0227362519077	0.0361260365072
71	0.000779774187921	0.000262048653997
72	0.022004369317	0.00217479467283
73	-0.0193469970552	-0.0121708004684
74	-0.00141587358405	0.00169660816812
75	0.00334136325522	-0.000216137850712
76	4.78915972635e-05	-0.000216137850712
77	0.000779774187921	0.00121842166342
78	0.0029754219599	-0.0126489869731
79	-0.0530135962254	0.0294314254412
80	0.000779774187921	-0.00356344338367
81	0.000413832892592	-0.000216137850712
82	0.00480512843654	0.000740235158706
83	-0.0248361164851	-0.0121708004684
84	4.78915972635e-05	-0.000216137850712
85	0.00663483491319	0.0126948977764
86	4.78915972635e-05	-0.000216137850712
87	0.00736671750384	0.00121842166342
88	-0.00727093430932	0.00647847321521
89	0.000779774187921	0.000262048653997
90	-0.030325235915	-0.00165069736484
91	-0.0083687581953	0.000740235158706
92	0.018710897659	0.0323005444695
93	-0.0735063087639	0.0217804413659
94	0.0176130737731	-0.00212888386955
95	-0.00470934524201	-0.00882349493547
96	-0.00397746265136	-0.00451981639309
97	0.000413832892592	0.00169660816812
98	0.00187759807391	0.00121842166342
99	-0.00544122783267	0.00121842166342
