0	0.187775492213	0.1875
1	0.0	0.0005
2	0.261437908497	0.2615
3	0.316666666667	0.3165
4	0.358974358974	0.3585
5	0.0235934664247	0.0235
6	0.328571428571	0.3285
7	0.160096153846	0.1605
8	0.154869933454	0.1545
9	0.124735729387	0.1245
10	0.113131313131	0.1135
11	0.221631205674	0.2215
12	0.330049261084	0.3305
13	0.253333333333	0.2535
14	0.19298245614	0.1925
15	0.233333333333	0.2335
16	0.212987012987	0.2125
17	0.466666666667	0.4665
18	0.278002699055	0.2785
19	0.285714285714	0.2855
20	0.286585365854	0.2865
21	0.16715371128	0.1675
22	0.070564516129	0.0705
23	0.123963963964	0.1235
24	0.276276276276	0.2765
25	0.206560283688	0.2065
26	0.190602836879	0.1905
27	0.167738164816	0.1675
28	0.418390804598	0.4185
29	0.225974025974	0.2255
30	0.151981351981	0.1515
31	0.189134808853	0.1895
32	0.219873150106	0.2195
33	0.172739541161	0.1725
34	0.157715260017	0.1575
35	0.168115942029	0.1685
36	0.304761904762	0.3045
37	0.116402116402	0.1165
38	0.28	0.2805
39	0.210826210826	0.2105
40	0.357142857143	0.3575
41	0.315789473684	0.3155
42	0.318681318681	0.3185
43	0.226666666667	0.2265
44	0.208974358974	0.2085
45	0.169326241135	0.1695
46	0.151898734177	0.1515
47	0.340463458111	0.3405
48	0.152564102564	0.1525
49	0.0981507823613	0.0985
50	0.153409090909	0.1535
51	0.191287878788	0.1915
52	0.030303030303	0.0305
53	0.10582010582	0.1055
54	0.157983193277	0.1575
55	0.168560606061	0.1685
56	0.139037433155	0.1395
57	0.225098039216	0.2255
58	0.0781420765027	0.0785
59	0.496732026144	0.4965
60	0.276923076923	0.2765
61	0.0909090909091	0.0905
62	0.258461538462	0.2585
63	0.319047619048	0.3195
64	0.0688405797101	0.0685
65	0.272727272727	0.2725
66	0.173387096774	0.1735
67	0.2	0.2005
68	0.326436781609	0.3265
69	0.301470588235	0.3015
70	0.420289855072	0.4205
71	0.306666666667	0.3065
72	0.209273182957	0.2095
73	0.105084745763	0.1055
74	0.263157894737	0.2635
75	0.285714285714	0.2855
76	0.0529100529101	0.0525
77	0.178787878788	0.1785
78	0.0615384615385	0.0615
79	0.1	0.1005
80	0.18064516129	0.1805
81	0.239130434783	0.2395
82	0.278409090909	0.2785
83	0.261904761905	0.2615
84	0.0	0.0005
85	0.472727272727	0.4725
86	0.277777777778	0.2775
87	0.345454545455	0.3455
88	0.0	0.0005
89	0.0	0.0005
90	0.189393939394	0.1895
91	0.381818181818	0.3815
92	0.0	0.0005
93	0.0	0.0005
94	0.0	0.0005
95	0.0	0.0005
96	0.0	0.0005
97	0.0	0.0005
98	0.0	0.0005
99	0.333333333333	0.3335
100	0.0	0.0005
101	0.0	0.0005
102	0.0	0.0005
103	0.0	0.0005
104	0.0	0.0005
105	0.333333333333	0.3335
106	0.0	0.0005
107	0.0	0.0005
108	0.0	0.0005
109	0.3	0.3005
110	0.0	0.0005
111	0.0	0.0005
112	0.0	0.0005
113	0.333333333333	0.3335
114	0.0	0.0005
115	0.0	0.0005
116	0.0	0.0005
117	0.0	0.0005
118	0.0	0.0005
119	0.333333333333	0.3335
120	0.0	0.0005
121	0.0	0.0005
122	0.0	0.0005
123	0.0	0.0005
124	0.214285714286	0.2145
125	0.0	0.0005
126	0.133333333333	0.1335
127	0.0494623655914	0.0495
128	1.0	0.9995
129	0.333333333333	0.3335
130	0.395604395604	0.3955
131	0.8	0.8005
132	0.472727272727	0.4725
133	0.0	0.0005
134	0.9	0.9005
135	0.666666666667	0.6665
136	0.0	0.0005
137	1.0	0.9995
138	0.0	0.0005
139	0.0	0.0005
140	0.0	0.0005
141	1.0	0.9995
142	0.2	0.2005
143	0.238095238095	0.2385
144	0.0	0.0005
145	0.666666666667	0.6665
146	0.133333333333	0.1335
147	1.0	0.9995
148	0.666666666667	0.6665
149	0.0	0.0005
150	0.4	0.4005
151	0.0	0.0005
152	0.192307692308	0.1925
153	0.666666666667	0.6665
154	0.0	0.0005
155	0.197964847364	0.1975
156	0.0	0.0005
157	0.104761904762	0.1045
158	0.181818181818	0.1815
159	0.0	0.0005
160	0.2	0.2005
161	0.333333333333	0.3335
162	1.0	0.9995
163	0.0	0.0005
164	0.333333333333	0.3335
165	0.333333333333	0.3335
166	0.274509803922	0.2745
167	0.114102564103	0.1145
168	0.227272727273	0.2275
169	0.287581699346	0.2875
170	0.0	0.0005
171	0.0	0.0005
172	0.0	0.0005
173	0.177865612648	0.1775
174	0.22	0.2205
175	0.372294372294	0.3725
176	0.358974358974	0.3585
177	0.0	0.0005
178	0.0	0.0005
179	0.464285714286	0.4645
180	0.714285714286	0.7145
181	0.714285714286	0.7145
182	0.666666666667	0.6665
183	0.21978021978	0.2195
184	0.249462365591	0.2495
185	0.327272727273	0.3275
186	0.0	0.0005
187	0.333333333333	0.3335
188	0.214285714286	0.2145
189	0.288537549407	0.2885
190	0.571428571429	0.5715
191	0.4	0.4005
192	0.166666666667	0.1665
193	0.6	0.6005
194	0.0	0.0005
195	0.333333333333	0.3335
196	0.333333333333	0.3335
197	0.611111111111	0.6115
198	0.416666666667	0.4165
199	0.361904761905	0.3615
200	0.285714285714	0.2855
201	0.0	0.0005
202	0.333333333333	0.3335
203	0.131868131868	0.1315
204	0.666666666667	0.6665
205	0.151515151515	0.1515
206	0.0	0.0005
207	0.287878787879	0.2875
208	0.0	0.0005
209	0.133333333333	0.1335
210	0.333333333333	0.3335
211	0.0	0.0005
212	0.2	0.2005
213	0.0	0.0005
214	0.0	0.0005
215	0.333333333333	0.3335
216	0.166666666667	0.1665
217	0.320346320346	0.3205
218	0.0	0.0005
219	0.0	0.0005
220	0.666666666667	0.6665
221	0.428571428571	0.4285
222	0.180487804878	0.1805
223	0.361111111111	0.3615
224	0.5	0.5005
225	0.0	0.0005
226	0.0	0.0005
227	0.333333333333	0.3335
228	0.0	0.0005
229	0.0	0.0005
230	0.195238095238	0.1955
231	0.333333333333	0.3335
232	0.1	0.1005
233	0.0	0.0005
234	0.236742424242	0.2365
235	0.272727272727	0.2725
236	0.333333333333	0.3335
237	0.6	0.6005
238	0.0	0.0005
239	0.0	0.0005
240	0.0	0.0005
241	0.285714285714	0.2855
242	1.0	0.9995
243	0.416666666667	0.4165
244	0.666666666667	0.6665
245	0.0952380952381	0.0955
246	0.116890707189	0.1165
247	0.19898989899	0.1985
248	0.333333333333	0.3335
249	0.0	0.0005
250	0.118767507003	0.1185
251	0.3	0.3005
252	0.218181818182	0.2185
253	0.333333333333	0.3335
254	0.162878787879	0.1625
255	0.209756097561	0.2095
256	0.275	0.2755
257	0.0	0.0005
258	0.141538461538	0.1415
259	0.0	0.0005
260	0.611111111111	0.6115
261	0.253968253968	0.2535
262	0.0	0.0005
263	0.166666666667	0.1665
264	0.333333333333	0.3335
265	0.333333333333	0.3335
266	0.236363636364	0.2365
267	0.25730994152	0.2575
268	0.118032786885	0.1185
269	0.333333333333	0.3335
270	0.16935483871	0.1695
271	0.3	0.3005
272	0.2	0.2005
273	0.10989010989	0.1095
274	0.419047619048	0.4195
275	0.833333333333	0.8335
276	0.714285714286	0.7145
277	0.666666666667	0.6665
278	0.0	0.0005
279	0.0	0.0005
280	0.0	0.0005
281	0.333333333333	0.3335
282	0.0	0.0005
283	0.0	0.0005
284	0.190476190476	0.1905
285	0.666666666667	0.6665
286	0.52380952381	0.5235
287	0.8	0.8005
288	0.428571428571	0.4285
289	0.314285714286	0.3145
290	0.0	0.0005
291	0.418181818182	0.4185
292	0.5	0.5005
293	0.333333333333	0.3335
294	0.0	0.0005
295	0.5	0.5005
296	0.4	0.4005
297	0.333333333333	0.3335
298	0.285714285714	0.2855
299	0.5	0.5005
300	0.52380952381	0.5235
301	0.7	0.6995
302	0.233333333333	0.2335
303	0.0	0.0005
304	0.103843947217	0.1035
305	0.181818181818	0.1815
306	0.333333333333	0.3335
307	0.0	0.0005
308	0.0	0.0005
309	0.666666666667	0.6665
310	1.0	0.9995
311	0.0	0.0005
312	0.0	0.0005
313	0.266666666667	0.2665
314	0.266666666667	0.2665
315	0.164835164835	0.1645
316	0.218316373728	0.2185
317	0.291954022989	0.2915
318	0.0	0.0005
319	0.207792207792	0.2075
320	0.160173160173	0.1605
321	0.187096774194	0.1875
322	0.0	0.0005
323	0.107142857143	0.1075
324	0.190476190476	0.1905
325	0.0	0.0005
326	0.4	0.4005
327	0.6	0.6005
328	0.283333333333	0.2835
329	0.32967032967	0.3295
330	0.266666666667	0.2665
331	0.311688311688	0.3115
332	0.378787878788	0.3785
333	1.0	0.9995
334	0.666666666667	0.6665
335	0.0933333333333	0.0935
336	0.428571428571	0.4285
337	1.0	0.9995
338	0.0	0.0005
339	0.0	0.0005
340	0.181818181818	0.1815
341	0.214285714286	0.2145
342	0.166666666667	0.1665
343	0.333333333333	0.3335
344	0.0	0.0005
345	0.0	0.0005
346	0.3	0.3005
347	0.138888888889	0.1385
348	0.2	0.2005
349	0.266666666667	0.2665
350	0.222222222222	0.2225
351	0.666666666667	0.6665
352	0.333333333333	0.3335
353	0.285714285714	0.2855
354	0.166666666667	0.1665
355	0.166666666667	0.1665
356	0.0	0.0005
357	0.0	0.0005
358	0.0	0.0005
359	0.0	0.0005
360	0.333333333333	0.3335
361	1.0	0.9995
362	0.1	0.1005
363	0.333333333333	0.3335
364	0.666666666667	0.6665
365	0.666666666667	0.6665
366	0.5	0.5005
367	0.466666666667	0.4665
368	0.296442687747	0.2965
369	0.0	0.0005
370	0.582417582418	0.5825
371	0.333333333333	0.3335
372	0.0	0.0005
373	0.0	0.0005
374	0.333333333333	0.3335
375	0.0	0.0005
376	0.0	0.0005
377	0.0	0.0005
378	0.516483516484	0.5165
379	0.0	0.0005
380	0.152380952381	0.1525
381	0.0	0.0005
382	0.0	0.0005
383	0.333333333333	0.3335
384	0.0	0.0005
385	0.0	0.0005
386	0.0	0.0005
387	0.0	0.0005
388	0.0	0.0005
389	0.0	0.0005
390	0.166666666667	0.1665
391	0.0	0.0005
392	0.0	0.0005
393	0.0	0.0005
394	0.232926829268	0.2325
395	0.0	0.0005
396	0.0	0.0005
397	0.0	0.0005
398	0.333333333333	0.3335
399	0.333333333333	0.3335
400	0.0	0.0005
401	0.0	0.0005
402	0.0	0.0005
403	0.0	0.0005
404	0.0	0.0005
405	0.0	0.0005
406	0.0	0.0005
407	0.0	0.0005
408	0.0	0.0005
409	0.166666666667	0.1665
410	0.0	0.0005
411	0.0	0.0005
412	0.0	0.0005
413	0.0	0.0005
414	0.0	0.0005
415	0.0	0.0005
416	0.0	0.0005
417	0.0	0.0005
418	0.0	0.0005
419	0.1	0.1005
420	1.0	0.9995
421	0.333333333333	0.3335
422	0.0	0.0005
423	0.0	0.0005
424	0.0	0.0005
425	0.114285714286	0.1145
426	0.333333333333	0.3335
427	0.4	0.4005
428	0.666666666667	0.6665
429	0.0	0.0005
430	1.0	0.9995
431	0.666666666667	0.6665
432	0.361111111111	0.3615
433	0.666666666667	0.6665
434	0.0	0.0005
435	1.0	0.9995
436	0.2	0.2005
437	0.142857142857	0.1425
438	0.0	0.0005
439	0.0	0.0005
440	0.0	0.0005
441	0.157657657658	0.1575
442	0.0	0.0005
443	0.0727272727273	0.0725
444	0.0952380952381	0.0955
445	0.761904761905	0.7615
446	0.0	0.0005
447	0.333333333333	0.3335
448	0.1	0.1005
449	1.0	0.9995
450	1.0	0.9995
451	0.233201581028	0.2335
452	0.0	0.0005
453	1.0	0.9995
454	0.4	0.4005
455	0.5	0.5005
456	0.666666666667	0.6665
457	0.0	0.0005
458	0.0	0.0005
459	0.0	0.0005
460	0.0	0.0005
461	0.333333333333	0.3335
462	0.0	0.0005
463	0.333333333333	0.3335
464	0.0	0.0005
465	0.0	0.0005
466	0.0	0.0005
467	0.0	0.0005
468	0.166666666667	0.1665
469	0.130952380952	0.1305
470	1.0	0.9995
471	1.0	0.9995
472	0.0	0.0005
473	0.0	0.0005
474	0.619047619048	0.6195
475	0.166666666667	0.1665
476	0.333333333333	0.3335
477	0.25	0.2505
478	0.0	0.0005
479	0.0	0.0005
480	0.0	0.0005
481	0.0	0.0005
482	0.0	0.0005
483	0.227941176471	0.2275
484	0.0835016835017	0.0835
485	0.0857142857143	0.0855
486	0.103174603175	0.1035
487	0.0	0.0005
488	0.0	0.0005
489	0.0	0.0005
490	0.0	0.0005
491	0.0	0.0005
492	0.0	0.0005
493	0.0	0.0005
494	0.0	0.0005
495	0.0	0.0005
496	0.0	0.0005
497	0.1	0.1005
498	0.238095238095	0.2385
499	0.3	0.3005
500	0.0	0.0005
501	0.0	0.0005
502	0.0	0.0005
503	0.0	0.0005
504	0.0	0.0005
505	0.0	0.0005
506	1.0	0.9995
507	1.0	0.9995
508	0.5	0.5005
509	0.144042232278	0.1445
510	0.203463203463	0.2035
511	0.166666666667	0.1665
512	0.423076923077	0.4235
513	0.571428571429	0.5715
514	0.340579710145	0.3405
515	0.509090909091	0.5095
516	0.952380952381	0.9525
517	0.555555555556	0.5555
518	0.142857142857	0.1425
519	0.079917184265	0.0795
520	0.221719457014	0.2215
521	0.133333333333	0.1335
522	0.492647058824	0.4925
523	0.601449275362	0.6015
524	0.75	0.7505
525	0.0369458128079	0.0365
526	0.24	0.2405
527	0.509971509972	0.5095
528	0.0	0.0005
529	0.285714285714	0.2855
530	0.0	0.0005
531	0.333333333333	0.3335
532	0.0	0.0005
533	0.0	0.0005
534	0.0	0.0005
535	0.0	0.0005
536	0.0685714285714	0.0685
537	0.0	0.0005
538	0.0	0.0005
539	0.0	0.0005
540	0.333333333333	0.3335
541	0.295238095238	0.2955
542	0.0	0.0005
543	0.0	0.0005
544	0.166666666667	0.1665
545	0.0	0.0005
546	0.0	0.0005
547	0.0	0.0005
548	0.0	0.0005
549	0.0	0.0005
550	0.0	0.0005
551	0.0	0.0005
552	0.0	0.0005
553	0.0	0.0005
554	0.0	0.0005
555	0.1	0.1005
556	0.333333333333	0.3335
557	0.0	0.0005
558	0.142292490119	0.1425
559	0.0612999403697	0.0615
560	0.0890151515152	0.0895
561	0.192389006342	0.1925
562	0.466666666667	0.4665
563	0.7	0.6995
564	0.328591749644	0.3285
565	0.122571819425	0.1225
566	0.241579558653	0.2415
567	0.0	0.0005
568	0.0	0.0005
569	0.0	0.0005
570	0.0	0.0005
571	0.252016129032	0.2525
572	0.238095238095	0.2385
573	0.166666666667	0.1665
574	0.5	0.5005
575	0.0	0.0005
576	0.105882352941	0.1055
577	0.209523809524	0.2095
578	0.0	0.0005
579	0.0	0.0005
580	0.0	0.0005
581	0.153333333333	0.1535
582	0.395604395604	0.3955
583	0.0	0.0005
584	0.0	0.0005
585	0.0	0.0005
586	0.0	0.0005
587	0.0	0.0005
588	0.0	0.0005
589	0.0649496080627	0.0645
590	0.0	0.0005
591	0.0	0.0005
592	0.0	0.0005
593	0.255060728745	0.2555
594	0.5	0.5005
595	0.8	0.8005
596	0.346153846154	0.3465
597	0.642857142857	0.6425
598	0.0	0.0005
599	0.305555555556	0.3055
600	0.0855769230769	0.0855
601	0.0474025974026	0.0475
602	0.0153846153846	0.0155
603	0.047619047619	0.0475
604	0.0434782608696	0.0435
605	0.218390804598	0.2185
606	0.175403225806	0.1755
607	0.31	0.3105
608	0.117794486216	0.1175
609	0.343333333333	0.3435
610	0.180596142607	0.1805
611	0.224590163934	0.2245
612	0.160278745645	0.1605
613	0.05587808418	0.0555
614	0.413793103448	0.4135
615	0.382575757576	0.3825
616	0.303303303303	0.3035
617	0.431932773109	0.4315
618	0.438746438746	0.4385
619	0.217638691323	0.2175
620	0.388505747126	0.3885
621	0.252543940796	0.2525
622	0.157983193277	0.1575
623	0.263768115942	0.2635
624	0.349206349206	0.3495
625	0.395238095238	0.3955
626	0.407114624506	0.4075
627	0.293333333333	0.2935
628	0.114478114478	0.1145
629	0.296370967742	0.2965
630	0.0	0.0005
631	0.333333333333	0.3335
632	0.333333333333	0.3335
633	0.0	0.0005
634	0.0	0.0005
635	0.0	0.0005
636	0.321428571429	0.3215
637	0.0	0.0005
638	0.0	0.0005
639	0.0	0.0005
640	0.333333333333	0.3335
641	0.0	0.0005
642	0.0	0.0005
643	0.0	0.0005
644	0.0	0.0005
645	0.2	0.2005
646	0.0	0.0005
647	0.133333333333	0.1335
648	0.166666666667	0.1665
649	0.0	0.0005
650	1.0	0.9995
651	0.0	0.0005
652	0.2	0.2005
653	0.142857142857	0.1425
654	0.333333333333	0.3335
655	0.0	0.0005
656	0.0	0.0005
657	0.2	0.2005
658	1.0	0.9995
659	0.0	0.0005
660	0.0	0.0005
661	0.0	0.0005
662	0.333333333333	0.3335
663	0.0	0.0005
664	0.0	0.0005
665	0.0	0.0005
666	0.0	0.0005
667	0.0	0.0005
668	0.0	0.0005
669	0.0	0.0005
670	0.0	0.0005
671	1.0	0.9995
672	0.0	0.0005
673	0.0	0.0005
674	0.0	0.0005
675	0.0	0.0005
676	0.0	0.0005
677	0.0	0.0005
678	0.0	0.0005
679	0.0	0.0005
680	0.0	0.0005
681	0.0	0.0005
682	0.333333333333	0.3335
683	0.0	0.0005
684	0.0	0.0005
685	0.0	0.0005
686	0.0	0.0005
687	0.0	0.0005
688	0.0	0.0005
689	0.0	0.0005
690	0.0	0.0005
691	0.166666666667	0.1665
692	0.0	0.0005
693	0.0	0.0005
694	0.0	0.0005
695	0.0	0.0005
696	0.0	0.0005
697	0.0	0.0005
698	0.4	0.4005
699	0.0	0.0005
700	0.0	0.0005
701	0.0	0.0005
702	0.0	0.0005
703	0.4	0.4005
704	0.333333333333	0.3335
705	0.0	0.0005
706	0.0	0.0005
707	0.0	0.0005
708	0.5	0.5005
709	1.0	0.9995
710	0.1	0.1005
711	0.0	0.0005
712	0.5	0.5005
713	0.333333333333	0.3335
714	0.153846153846	0.1535
715	0.0	0.0005
716	0.0	0.0005
717	0.0	0.0005
718	0.167057902973	0.1675
719	0.118337850045	0.1185
720	0.164835164835	0.1645
721	0.2	0.2005
722	0.2	0.2005
723	0.355555555556	0.3555
724	0.0	0.0005
725	0.0	0.0005
726	0.333333333333	0.3335
727	0.214285714286	0.2145
728	0.15	0.1505
729	0.0	0.0005
730	0.0877192982456	0.0875
731	0.333333333333	0.3335
732	0.333333333333	0.3335
733	0.25	0.2505
734	0.466666666667	0.4665
735	0.333333333333	0.3335
736	0.2	0.2005
737	0.194444444444	0.1945
738	0.211875843455	0.2115
739	1.0	0.9995
740	0.0467607105538	0.0465
741	1.0	0.9995
742	0.0	0.0005
743	0.270655270655	0.2705
744	0.733333333333	0.7335
745	0.0	0.0005
746	0.4	0.4005
747	0.155555555556	0.1555
748	0.217948717949	0.2175
749	0.0	0.0005
750	0.363076923077	0.3635
751	0.0	0.0005
752	0.128735632184	0.1285
753	0.4	0.4005
754	0.666666666667	0.6665
755	1.0	0.9995
756	0.0	0.0005
757	0.266666666667	0.2665
758	0.0	0.0005
759	1.0	0.9995
760	1.0	0.9995
761	0.134057971014	0.1345
762	0.666666666667	0.6665
763	0.6	0.6005
764	0.047619047619	0.0475
765	0.181818181818	0.1815
766	0.0	0.0005
767	0.0	0.0005
768	0.0	0.0005
769	0.194444444444	0.1945
770	0.333333333333	0.3335
771	0.114285714286	0.1145
772	0.357142857143	0.3575
773	0.133333333333	0.1335
774	0.0	0.0005
775	0.2	0.2005
776	0.666666666667	0.6665
777	1.0	0.9995
778	0.0	0.0005
779	0.263333333333	0.2635
780	0.0	0.0005
781	0.0	0.0005
782	0.0	0.0005
783	0.0	0.0005
784	0.0	0.0005
785	0.0	0.0005
786	0.0	0.0005
787	0.0	0.0005
788	0.866666666667	0.8665
789	0.333333333333	0.3335
790	1.0	0.9995
791	0.5	0.5005
792	0.619047619048	0.6195
793	0.622222222222	0.6225
794	0.672727272727	0.6725
795	1.0	0.9995
796	0.2	0.2005
797	0.666666666667	0.6665
798	0.333333333333	0.3335
799	0.8	0.8005
800	0.8	0.8005
801	1.0	0.9995
802	0.0	0.0005
803	0.0	0.0005
804	1.0	0.9995
805	0.0	0.0005
806	0.0	0.0005
807	0.0	0.0005
808	0.466666666667	0.4665
809	0.5	0.5005
810	0.0	0.0005
811	0.254545454545	0.2545
812	0.330882352941	0.3305
813	0.333333333333	0.3335
814	0.0807453416149	0.0805
815	0.0	0.0005
816	1.0	0.9995
817	1.0	0.9995
818	0.666666666667	0.6665
819	0.6	0.6005
820	1.0	0.9995
821	0.666666666667	0.6665
822	1.0	0.9995
823	1.0	0.9995
824	0.256666666667	0.2565
825	1.0	0.9995
826	0.0	0.0005
827	0.9	0.9005
828	0.166666666667	0.1665
829	0.0	0.0005
830	0.0	0.0005
831	0.0	0.0005
832	0.3	0.3005
833	0.0	0.0005
834	0.0	0.0005
835	0.0	0.0005
836	0.0	0.0005
837	0.666666666667	0.6665
838	0.0	0.0005
839	0.0	0.0005
840	0.333333333333	0.3335
841	1.0	0.9995
842	0.5	0.5005
843	0.0	0.0005
844	0.0	0.0005
845	0.0	0.0005
846	0.0	0.0005
847	0.0	0.0005
848	0.666666666667	0.6665
849	0.0666666666667	0.0665
850	0.339901477833	0.3395
851	0.0	0.0005
852	1.0	0.9995
853	0.833333333333	0.8335
854	0.244318181818	0.2445
855	0.833333333333	0.8335
856	0.833333333333	0.8335
857	0.536231884058	0.5365
858	0.0750582750583	0.0755
859	1.0	0.9995
860	0.0	0.0005
861	0.0	0.0005
862	0.0	0.0005
863	0.0	0.0005
864	0.428571428571	0.4285
865	1.0	0.9995
866	0.333333333333	0.3335
867	1.0	0.9995
868	0.5	0.5005
869	1.0	0.9995
870	0.154334038055	0.1545
871	0.256528417819	0.2565
872	0.0	0.0005
873	0.333333333333	0.3335
874	0.466666666667	0.4665
875	0.619047619048	0.6195
876	0.427692307692	0.4275
877	0.423076923077	0.4235
878	0.551282051282	0.5515
879	1.0	0.9995
880	0.333333333333	0.3335
881	0.0	0.0005
882	1.0	0.9995
883	0.346218487395	0.3465
884	0.25320056899	0.2535
885	0.172043010753	0.1725
886	0.209486166008	0.2095
887	0.025	0.0255
888	0.833333333333	0.8335
889	0.0	0.0005
890	0.0	0.0005
891	0.351778656126	0.3515
892	0.34632034632	0.3465
893	0.448529411765	0.4485
894	0.18131359852	0.1815
895	0.419117647059	0.4195
896	0.0	0.0005
897	0.227272727273	0.2275
898	0.0	0.0005
899	0.0	0.0005
900	0.0	0.0005
901	0.0	0.0005
902	0.0	0.0005
903	0.0	0.0005
904	0.0	0.0005
905	0.0	0.0005
906	0.666666666667	0.6665
907	0.355555555556	0.3555
908	0.43115942029	0.4315
909	0.222222222222	0.2225
910	0.47619047619	0.4765
911	1.0	0.9995
912	1.0	0.9995
913	0.261904761905	0.2615
914	0.714285714286	0.7145
915	0.535714285714	0.5355
916	0.21978021978	0.2195
917	0.275862068966	0.2755
918	0.333333333333	0.3335
919	0.148936170213	0.1485
920	0.311111111111	0.3115
921	0.266666666667	0.2665
922	0.0	0.0005
923	0.213438735178	0.2135
924	0.2	0.2005
925	0.123076923077	0.1235
926	0.0619047619048	0.0615
927	0.0598006644518	0.0595
928	0.181818181818	0.1815
929	0.205128205128	0.2055
930	0.321428571429	0.3215
931	0.125	0.1255
932	0.0909090909091	0.0905
933	0.393939393939	0.3935
934	0.290043290043	0.2905
935	1.0	0.9995
936	1.0	0.9995
937	0.0	0.0005
938	0.0	0.0005
939	0.5	0.5005
940	1.0	0.9995
941	0.833333333333	0.8335
942	0.533333333333	0.5335
943	0.375	0.3755
944	0.13963963964	0.1395
945	0.0	0.0005
946	0.333333333333	0.3335
947	0.166666666667	0.1665
948	0.666666666667	0.6665
949	0.0	0.0005
950	0.666666666667	0.6665
951	0.4	0.4005
952	1.0	0.9995
953	0.444444444444	0.4445
954	0.326666666667	0.3265
955	0.6	0.6005
956	0.0	0.0005
957	0.0	0.0005
958	0.0	0.0005
959	0.228228228228	0.2285
960	0.0	0.0005
961	0.5	0.5005
962	0.571428571429	0.5715
963	0.0	0.0005
964	0.0	0.0005
965	0.143881208397	0.1435
966	0.0	0.0005
967	0.0	0.0005
968	1.0	0.9995
969	0.238095238095	0.2385
970	0.0	0.0005
971	0.0	0.0005
972	0.0	0.0005
973	0.0	0.0005
974	0.0	0.0005
975	0.0	0.0005
976	0.0	0.0005
977	0.0	0.0005
978	0.0	0.0005
979	0.0	0.0005
980	0.0	0.0005
981	0.333333333333	0.3335
982	0.333333333333	0.3335
983	1.0	0.9995
984	0.0	0.0005
985	0.3	0.3005
986	0.282051282051	0.2825
987	0.0	0.0005
988	0.0	0.0005
989	0.0	0.0005
990	0.0	0.0005
991	0.0	0.0005
992	0.254545454545	0.2545
993	0.333333333333	0.3335
994	0.0	0.0005
995	0.0	0.0005
996	0.0	0.0005
997	0.0	0.0005
998	0.0	0.0005
999	0.0	0.0005
1000	0.0	0.0005
1001	0.1	0.1005
1002	0.0	0.0005
1003	0.0	0.0005
1004	0.0	0.0005
1005	0.0	0.0005
1006	0.0	0.0005
1007	0.0	0.0005
1008	0.0	0.0005
1009	0.0851063829787	0.0855
1010	0.0	0.0005
1011	0.0	0.0005
1012	1.0	0.9995
1013	0.0	0.0005
1014	1.0	0.9995
1015	0.0	0.0005
1016	0.0	0.0005
1017	0.0	0.0005
1018	1.0	0.9995
1019	0.5	0.5005
1020	0.0	0.0005
1021	0.0	0.0005
1022	0.333333333333	0.3335
1023	0.3	0.3005
1024	0.466666666667	0.4665
1025	0.428571428571	0.4285
1026	0.333333333333	0.3335
1027	0.166666666667	0.1665
1028	0.472222222222	0.4725
1029	0.0	0.0005
1030	0.381818181818	0.3815
1031	0.222222222222	0.2225
1032	0.0	0.0005
1033	0.116794543905	0.1165
1034	1.0	0.9995
1035	0.0	0.0005
1036	1.0	0.9995
1037	0.0	0.0005
1038	0.0	0.0005
1039	0.0	0.0005
1040	0.0	0.0005
1041	0.0	0.0005
1042	0.266666666667	0.2665
1043	0.4	0.4005
1044	0.0	0.0005
1045	0.0	0.0005
1046	0.0	0.0005
1047	0.0	0.0005
1048	0.0	0.0005
1049	0.0	0.0005
1050	0.0	0.0005
1051	0.0	0.0005
1052	0.0	0.0005
1053	0.0	0.0005
1054	0.0	0.0005
1055	0.0	0.0005
1056	0.0	0.0005
1057	0.0	0.0005
1058	0.0	0.0005
1059	0.5	0.5005
1060	1.0	0.9995
1061	0.444444444444	0.4445
1062	0.0434782608696	0.0435
1063	0.0441176470588	0.0445
1064	0.809523809524	0.8095
1065	0.5	0.5005
1066	0.0	0.0005
1067	0.7	0.6995
1068	0.52380952381	0.5235
1069	1.0	0.9995
1070	0.333333333333	0.3335
1071	0.0	0.0005
1072	0.0	0.0005
1073	0.0	0.0005
1074	0.0	0.0005
1075	0.0	0.0005
1076	0.0	0.0005
1077	0.0	0.0005
1078	0.0	0.0005
1079	0.0	0.0005
1080	0.0	0.0005
1081	0.0	0.0005
1082	0.0	0.0005
1083	0.0	0.0005
1084	0.0	0.0005
1085	0.0	0.0005
1086	0.0	0.0005
1087	0.0	0.0005
1088	0.0	0.0005
1089	0.0	0.0005
1090	0.0	0.0005
1091	0.2	0.2005
1092	0.0	0.0005
1093	0.0	0.0005
1094	1.0	0.9995
1095	0.3	0.3005
1096	1.0	0.9995
1097	0.0	0.0005
1098	0.0	0.0005
1099	0.0	0.0005
1100	0.0	0.0005
1101	0.0	0.0005
1102	0.0	0.0005
1103	0.0	0.0005
1104	0.0	0.0005
1105	0.0	0.0005
1106	0.0	0.0005
1107	0.4	0.4005
1108	0.2	0.2005
1109	0.0367647058824	0.0365
1110	0.0997150997151	0.0995
1111	0.0144596651446	0.0145
1112	0.0	0.0005
1113	0.0	0.0005
1114	0.0	0.0005
1115	0.0	0.0005
1116	1.0	0.9995
1117	0.0	0.0005
1118	0.0	0.0005
1119	0.0	0.0005
1120	0.0	0.0005
1121	0.0	0.0005
1122	0.0	0.0005
1123	0.0	0.0005
1124	0.0	0.0005
1125	0.0	0.0005
1126	0.0	0.0005
1127	0.637362637363	0.6375
1128	0.333333333333	0.3335
1129	1.0	0.9995
1130	0.166666666667	0.1665
1131	0.333333333333	0.3335
1132	0.166666666667	0.1665
1133	1.0	0.9995
1134	1.0	0.9995
1135	0.333333333333	0.3335
1136	0.392857142857	0.3925
1137	1.0	0.9995
1138	0.25641025641	0.2565
1139	0.166666666667	0.1665
1140	1.0	0.9995
1141	0.0	0.0005
1142	0.0	0.0005
1143	0.0	0.0005
1144	0.0	0.0005
1145	0.283076923077	0.2835
1146	0.0	0.0005
1147	0.142857142857	0.1425
1148	0.0	0.0005
1149	0.0	0.0005
1150	0.0	0.0005
1151	0.0	0.0005
1152	0.472727272727	0.4725
1153	0.333333333333	0.3335
1154	0.0	0.0005
1155	0.4	0.4005
1156	0.0	0.0005
1157	0.0	0.0005
1158	0.533333333333	0.5335
1159	0.0	0.0005
1160	0.0	0.0005
1161	0.4	0.4005
1162	0.0	0.0005
1163	0.0	0.0005
1164	0.0	0.0005
1165	0.0	0.0005
1166	0.0	0.0005
1167	0.0	0.0005
1168	0.0	0.0005
1169	0.0	0.0005
1170	0.0	0.0005
1171	0.0	0.0005
1172	0.0	0.0005
1173	0.357894736842	0.3575
1174	0.15	0.1505
1175	0.281045751634	0.2815
1176	0.14	0.1405
1177	0.015382751938	0.0155
1178	0.0386473429952	0.0385
1179	0.12865497076	0.1285
1180	0.142105263158	0.1425
1181	0.184210526316	0.1845
1182	0.135365853659	0.1355
1183	0.0666666666667	0.0665
1184	0.103174603175	0.1035
1185	0.733333333333	0.7335
1186	0.160427807487	0.1605
1187	0.0	0.0005
1188	0.0	0.0005
1189	0.0	0.0005
1190	1.0	0.9995
1191	1.0	0.9995
1192	0.272727272727	0.2725
1193	0.133333333333	0.1335
1194	0.357142857143	0.3575
1195	0.0	0.0005
1196	0.333333333333	0.3335
1197	0.2	0.2005
1198	0.142857142857	0.1425
1199	0.0	0.0005
1200	0.833333333333	0.8335
1201	0.833333333333	0.8335
1202	0.166666666667	0.1665
1203	0.1	0.1005
1204	0.0	0.0005
1205	0.333333333333	0.3335
1206	0.0	0.0005
1207	0.355555555556	0.3555
1208	0.0	0.0005
1209	0.047619047619	0.0475
1210	0.466666666667	0.4665
1211	0.7	0.6995
1212	0.0	0.0005
1213	0.333333333333	0.3335
1214	0.333333333333	0.3335
1215	0.0	0.0005
1216	0.333333333333	0.3335
1217	0.0	0.0005
1218	0.0	0.0005
1219	0.0	0.0005
1220	0.0	0.0005
1221	0.0	0.0005
1222	0.0	0.0005
1223	0.190476190476	0.1905
1224	0.285714285714	0.2855
1225	0.0555555555556	0.0555
1226	0.0	0.0005
1227	0.0	0.0005
1228	0.666666666667	0.6665
1229	0.285714285714	0.2855
1230	0.333333333333	0.3335
1231	0.166666666667	0.1665
1232	0.333333333333	0.3335
1233	0.0	0.0005
1234	0.333333333333	0.3335
1235	0.0	0.0005
1236	0.0	0.0005
1237	0.0	0.0005
1238	0.666666666667	0.6665
1239	0.0	0.0005
1240	0.1	0.1005
1241	0.166666666667	0.1665
1242	0.0	0.0005
1243	0.155555555556	0.1555
1244	0.0	0.0005
1245	0.0	0.0005
1246	0.0666666666667	0.0665
1247	0.0	0.0005
1248	0.1	0.1005
1249	0.0	0.0005
1250	0.0	0.0005
1251	0.0	0.0005
1252	0.0	0.0005
1253	0.3	0.3005
1254	0.0	0.0005
1255	0.0	0.0005
1256	0.0	0.0005
1257	0.0	0.0005
1258	0.0	0.0005
1259	0.0	0.0005
1260	0.0	0.0005
1261	0.0	0.0005
1262	0.0	0.0005
1263	0.0	0.0005
1264	0.0	0.0005
1265	0.0	0.0005
1266	0.0	0.0005
1267	0.0	0.0005
1268	0.0	0.0005
1269	0.133333333333	0.1335
1270	0.133333333333	0.1335
1271	0.466666666667	0.4665
1272	1.0	0.9995
1273	0.0	0.0005
1274	0.0	0.0005
1275	0.0	0.0005
1276	0.761904761905	0.7615
1277	0.666666666667	0.6665
1278	1.0	0.9995
1279	0.666666666667	0.6665
1280	0.0	0.0005
1281	0.0	0.0005
1282	0.166666666667	0.1665
1283	0.0963414634146	0.0965
1284	0.0	0.0005
1285	0.3	0.3005
1286	0.666666666667	0.6665
1287	0.4	0.4005
1288	0.5	0.5005
1289	1.0	0.9995
1290	1.0	0.9995
1291	0.666666666667	0.6665
1292	0.533333333333	0.5335
1293	1.0	0.9995
1294	0.0	0.0005
1295	1.0	0.9995
1296	0.266666666667	0.2665
1297	1.0	0.9995
1298	0.0	0.0005
1299	0.0	0.0005
1300	0.0	0.0005
1301	0.0	0.0005
1302	1.0	0.9995
1303	0.241666666667	0.2415
1304	0.333333333333	0.3335
1305	0.333333333333	0.3335
1306	0.0	0.0005
1307	0.0	0.0005
1308	0.0	0.0005
1309	0.0	0.0005
1310	0.0	0.0005
1311	0.0	0.0005
1312	0.0	0.0005
1313	0.0444444444444	0.0445
1314	0.0	0.0005
1315	0.0	0.0005
1316	0.0	0.0005
1317	0.333333333333	0.3335
1318	0.0	0.0005
1319	0.0	0.0005
1320	0.0	0.0005
1321	0.0	0.0005
1322	0.0	0.0005
1323	0.0	0.0005
1324	0.0	0.0005
1325	0.0	0.0005
1326	0.5	0.5005
1327	0.1	0.1005
1328	0.833333333333	0.8335
1329	0.52380952381	0.5235
1330	0.666666666667	0.6665
1331	1.0	0.9995
1332	0.6	0.6005
1333	0.666666666667	0.6665
1334	0.190476190476	0.1905
1335	0.6	0.6005
1336	0.5	0.5005
1337	0.666666666667	0.6665
1338	0.4	0.4005
1339	0.666666666667	0.6665
1340	0.666666666667	0.6665
1341	0.0	0.0005
1342	0.666666666667	0.6665
1343	0.0	0.0005
1344	0.0	0.0005
1345	0.0	0.0005
1346	0.0	0.0005
1347	0.0	0.0005
1348	0.0	0.0005
1349	0.0	0.0005
1350	0.0	0.0005
1351	0.0	0.0005
1352	0.0	0.0005
1353	0.0	0.0005
1354	0.0	0.0005
1355	0.666666666667	0.6665
1356	0.0	0.0005
1357	0.0	0.0005
1358	0.0	0.0005
1359	0.0	0.0005
1360	0.166666666667	0.1665
1361	1.0	0.9995
1362	0.0	0.0005
1363	0.0	0.0005
1364	0.0	0.0005
1365	1.0	0.9995
1366	0.466666666667	0.4665
1367	1.0	0.9995
1368	0.108734402852	0.1085
1369	0.933333333333	0.9335
1370	0.0	0.0005
1371	0.0	0.0005
1372	0.833333333333	0.8335
1373	0.221538461538	0.2215
1374	0.149425287356	0.1495
1375	0.278947368421	0.2785
1376	1.0	0.9995
1377	1.0	0.9995
1378	1.0	0.9995
1379	0.666666666667	0.6665
1380	0.0	0.0005
1381	0.833333333333	0.8335
1382	1.0	0.9995
1383	0.666666666667	0.6665
1384	1.0	0.9995
1385	0.761904761905	0.7615
1386	0.0	0.0005
1387	0.213675213675	0.2135
1388	0.288888888889	0.2885
1389	0.0	0.0005
1390	0.666666666667	0.6665
1391	1.0	0.9995
1392	0.145454545455	0.1455
1393	0.222222222222	0.2225
1394	0.666666666667	0.6665
1395	0.52380952381	0.5235
1396	0.0952380952381	0.0955
1397	0.153846153846	0.1535
1398	1.0	0.9995
1399	0.0	0.0005
1400	0.0	0.0005
1401	0.666666666667	0.6665
1402	0.0	0.0005
1403	0.0	0.0005
1404	0.0	0.0005
1405	0.666666666667	0.6665
1406	0.0	0.0005
1407	0.0	0.0005
1408	0.0	0.0005
1409	1.0	0.9995
1410	0.0	0.0005
1411	0.0	0.0005
1412	0.0	0.0005
1413	0.0	0.0005
1414	0.0	0.0005
1415	0.0	0.0005
1416	0.378787878788	0.3785
1417	0.6	0.6005
1418	0.666666666667	0.6665
1419	0.0	0.0005
1420	0.457142857143	0.4575
1421	0.0	0.0005
1422	1.0	0.9995
1423	0.0	0.0005
1424	0.297478991597	0.2975
1425	0.647368421053	0.6475
1426	0.376623376623	0.3765
1427	0.214285714286	0.2145
1428	0.0	0.0005
1429	0.6	0.6005
1430	0.428571428571	0.4285
1431	0.0769230769231	0.0765
1432	0.0	0.0005
1433	0.4	0.4005
1434	1.0	0.9995
1435	0.333333333333	0.3335
1436	1.0	0.9995
1437	0.666666666667	0.6665
1438	1.0	0.9995
1439	1.0	0.9995
1440	0.0	0.0005
1441	0.0	0.0005
1442	0.0	0.0005
1443	0.0	0.0005
1444	0.0	0.0005
1445	0.0	0.0005
1446	0.0	0.0005
1447	0.0	0.0005
1448	0.0	0.0005
1449	0.0	0.0005
1450	0.0	0.0005
1451	0.0	0.0005
1452	0.0	0.0005
1453	0.0	0.0005
1454	0.0	0.0005
1455	0.426900584795	0.4265
1456	0.333333333333	0.3335
1457	0.5	0.5005
1458	0.0	0.0005
1459	0.32380952381	0.3235
1460	0.228758169935	0.2285
1461	0.0	0.0005
1462	0.0	0.0005
1463	0.0	0.0005
1464	0.0	0.0005
1465	0.0	0.0005
1466	0.0	0.0005
1467	0.103225806452	0.1035
1468	0.355555555556	0.3555
1469	0.0	0.0005
1470	0.666666666667	0.6665
1471	0.533333333333	0.5335
1472	1.0	0.9995
1473	0.333333333333	0.3335
1474	0.428571428571	0.4285
1475	0.209195402299	0.2095
1476	0.0	0.0005
1477	0.0	0.0005
1478	0.175824175824	0.1755
1479	0.0	0.0005
1480	0.333333333333	0.3335
1481	0.833333333333	0.8335
1482	0.0	0.0005
1483	0.0	0.0005
1484	0.0	0.0005
1485	0.0	0.0005
1486	0.0	0.0005
1487	0.0	0.0005
1488	0.0	0.0005
1489	0.0	0.0005
1490	0.166666666667	0.1665
1491	0.0	0.0005
1492	0.0	0.0005
1493	0.0	0.0005
1494	0.0	0.0005
1495	0.0	0.0005
1496	0.0	0.0005
1497	0.0	0.0005
1498	0.230769230769	0.2305
1499	0.133333333333	0.1335
1500	0.0	0.0005
1501	0.0	0.0005
1502	0.0	0.0005
1503	0.0	0.0005
1504	0.0	0.0005
1505	0.0	0.0005
1506	0.0	0.0005
1507	0.0	0.0005
1508	0.0	0.0005
1509	0.0	0.0005
1510	0.0	0.0005
1511	0.0	0.0005
1512	0.0	0.0005
1513	0.0	0.0005
1514	0.0	0.0005
1515	0.0	0.0005
1516	0.0666666666667	0.0665
1517	0.0	0.0005
1518	0.0	0.0005
1519	0.0	0.0005
1520	0.0	0.0005
1521	0.0	0.0005
1522	0.555555555556	0.5555
1523	0.571428571429	0.5715
1524	0.409090909091	0.4095
1525	0.6	0.6005
1526	0.348484848485	0.3485
1527	0.714285714286	0.7145
1528	0.571428571429	0.5715
1529	0.0666666666667	0.0665
1530	0.214285714286	0.2145
1531	0.0	0.0005
1532	1.0	0.9995
1533	1.0	0.9995
1534	1.0	0.9995
1535	0.0	0.0005
1536	0.0	0.0005
1537	0.0	0.0005
1538	0.0	0.0005
1539	0.0	0.0005
1540	0.0	0.0005
1541	0.0	0.0005
1542	0.0	0.0005
1543	0.0	0.0005
1544	0.0	0.0005
1545	0.356725146199	0.3565
1546	0.2	0.2005
1547	0.108156028369	0.1085
1548	0.209230769231	0.2095
1549	0.144827586207	0.1445
1550	0.142602495544	0.1425
1551	0.110741971207	0.1105
1552	0.0402597402597	0.0405
1553	0.0797101449275	0.0795
1554	0.333333333333	0.3335
1555	0.472527472527	0.4725
1556	0.133004926108	0.1335
1557	0.833333333333	0.8335
1558	0.333333333333	0.3335
1559	0.0	0.0005
1560	0.833333333333	0.8335
1561	0.0	0.0005
1562	0.5	0.5005
1563	0.5	0.5005
1564	0.311111111111	0.3115
1565	0.666666666667	0.6665
1566	0.666666666667	0.6665
1567	0.166666666667	0.1665
1568	0.0	0.0005
1569	0.0	0.0005
1570	0.0	0.0005
1571	0.333333333333	0.3335
1572	0.0	0.0005
1573	0.0	0.0005
1574	1.0	0.9995
1575	0.4	0.4005
1576	1.0	0.9995
1577	0.0	0.0005
1578	0.4	0.4005
1579	0.0	0.0005
1580	0.0	0.0005
1581	0.5	0.5005
1582	0.0	0.0005
1583	1.0	0.9995
1584	0.0	0.0005
1585	0.3	0.3005
1586	1.0	0.9995
1587	1.0	0.9995
1588	1.0	0.9995
1589	0.0	0.0005
1590	0.0	0.0005
1591	0.0	0.0005
1592	0.2	0.2005
1593	0.0	0.0005
1594	0.0	0.0005
1595	0.0	0.0005
1596	0.5	0.5005
1597	0.0	0.0005
1598	0.0	0.0005
1599	0.0	0.0005
1600	0.0	0.0005
1601	0.0	0.0005
1602	0.0	0.0005
1603	0.0	0.0005
1604	0.0	0.0005
1605	0.0	0.0005
1606	0.0	0.0005
1607	0.0	0.0005
1608	0.0	0.0005
1609	0.0	0.0005
1610	0.123333333333	0.1235
1611	0.0	0.0005
1612	0.0	0.0005
1613	0.0	0.0005
1614	0.0	0.0005
1615	0.0	0.0005
1616	0.0	0.0005
1617	0.0	0.0005
1618	0.0	0.0005
1619	0.0	0.0005
1620	0.0	0.0005
1621	0.0	0.0005
1622	0.0	0.0005
1623	0.2	0.2005
1624	0.0	0.0005
1625	0.0	0.0005
1626	0.0	0.0005
1627	0.0993657505285	0.0995
1628	0.0	0.0005
1629	1.0	0.9995
1630	0.0	0.0005
1631	0.0	0.0005
1632	0.0	0.0005
1633	0.0	0.0005
1634	0.0	0.0005
1635	0.0	0.0005
1636	0.166666666667	0.1665
1637	0.444444444444	0.4445
1638	0.30303030303	0.3035
1639	0.142857142857	0.1425
1640	0.5	0.5005
1641	0.277777777778	0.2775
1642	0.307692307692	0.3075
1643	0.0255255255255	0.0255
1644	0.305555555556	0.3055
1645	0.4	0.4005
1646	0.0989010989011	0.0985
1647	1.0	0.9995
1648	0.833333333333	0.8335
1649	0.5	0.5005
1650	0.333333333333	0.3335
1651	0.5	0.5005
1652	0.333333333333	0.3335
1653	0.0	0.0005
1654	0.333333333333	0.3335
1655	1.0	0.9995
1656	0.0	0.0005
1657	0.0	0.0005
1658	0.0	0.0005
1659	0.0	0.0005
1660	1.0	0.9995
1661	1.0	0.9995
1662	1.0	0.9995
1663	0.666666666667	0.6665
1664	0.666666666667	0.6665
1665	0.0	0.0005
1666	0.0	0.0005
1667	0.0	0.0005
1668	1.0	0.9995
1669	0.0	0.0005
1670	0.4	0.4005
1671	0.0	0.0005
1672	0.0	0.0005
1673	0.4	0.4005
1674	0.0	0.0005
1675	0.0	0.0005
1676	0.0	0.0005
1677	0.0	0.0005
1678	0.666666666667	0.6665
1679	0.0	0.0005
1680	0.0	0.0005
1681	0.0	0.0005
1682	0.0	0.0005
1683	0.0	0.0005
1684	0.0	0.0005
1685	0.0	0.0005
1686	0.333333333333	0.3335
1687	0.0	0.0005
1688	0.0	0.0005
1689	0.0	0.0005
1690	0.0	0.0005
1691	0.0	0.0005
1692	0.0	0.0005
1693	0.0	0.0005
1694	0.0	0.0005
1695	0.285714285714	0.2855
1696	0.0769230769231	0.0765
1697	0.142857142857	0.1425
1698	0.533333333333	0.5335
1699	0.472727272727	0.4725
1700	0.230769230769	0.2305
1701	0.0522875816993	0.0525
1702	0.423076923077	0.4235
1703	1.0	0.9995
1704	0.0833333333333	0.0835
1705	0.0666666666667	0.0665
1706	0.0711462450593	0.0715
1707	0.0	0.0005
1708	0.490909090909	0.4905
1709	0.0	0.0005
1710	1.0	0.9995
1711	0.0	0.0005
1712	0.0	0.0005
1713	0.0	0.0005
1714	0.666666666667	0.6665
1715	0.0	0.0005
1716	0.0	0.0005
1717	0.0	0.0005
1718	0.333333333333	0.3335
1719	0.833333333333	0.8335
1720	0.642857142857	0.6425
1721	0.5	0.5005
1722	0.0	0.0005
1723	0.0	0.0005
1724	0.0	0.0005
1725	0.0	0.0005
1726	0.0	0.0005
1727	0.0	0.0005
1728	0.0	0.0005
1729	0.0	0.0005
1730	0.0	0.0005
1731	0.0	0.0005
1732	0.0	0.0005
1733	0.0	0.0005
1734	0.0	0.0005
1735	0.0	0.0005
1736	0.0	0.0005
1737	0.0	0.0005
1738	0.0	0.0005
1739	0.0	0.0005
1740	0.0	0.0005
1741	0.0	0.0005
1742	1.0	0.9995
1743	0.0	0.0005
1744	0.0	0.0005
1745	0.00584415584416	0.0055
1746	0.0	0.0005
1747	0.0	0.0005
1748	0.0	0.0005
1749	0.0	0.0005
1750	0.0	0.0005
1751	0.0	0.0005
1752	0.0	0.0005
1753	0.0	0.0005
1754	0.0	0.0005
1755	0.0	0.0005
1756	0.0	0.0005
1757	0.0	0.0005
1758	0.0	0.0005
1759	0.0	0.0005
1760	0.0	0.0005
1761	0.0	0.0005
1762	0.0	0.0005
1763	0.0	0.0005
1764	0.0	0.0005
1765	0.0	0.0005
1766	0.0	0.0005
1767	0.0	0.0005
1768	0.666666666667	0.6665
1769	0.133333333333	0.1335
1770	0.1	0.1005
1771	0.00653594771242	0.0065
1772	0.0	0.0005
1773	0.0	0.0005
1774	0.0	0.0005
1775	0.0	0.0005
1776	0.0	0.0005
1777	0.0	0.0005
1778	0.0	0.0005
1779	0.0	0.0005
1780	0.0	0.0005
1781	0.0	0.0005
1782	0.0	0.0005
1783	0.0	0.0005
1784	0.0	0.0005
1785	0.0	0.0005
1786	0.0	0.0005
1787	0.0	0.0005
1788	0.0	0.0005
1789	0.0	0.0005
1790	0.0	0.0005
1791	0.0	0.0005
1792	0.0666666666667	0.0665
1793	0.0	0.0005
1794	0.0294117647059	0.0295
1795	0.0	0.0005
1796	0.190476190476	0.1905
1797	0.0	0.0005
1798	0.0	0.0005
1799	0.0	0.0005
1800	0.0	0.0005
1801	0.0	0.0005
1802	0.0	0.0005
1803	0.0	0.0005
1804	0.333333333333	0.3335
1805	0.0	0.0005
1806	1.0	0.9995
1807	0.0	0.0005
1808	0.0	0.0005
1809	1.0	0.9995
1810	0.0	0.0005
1811	0.0	0.0005
1812	0.0	0.0005
1813	0.0	0.0005
1814	0.0	0.0005
1815	0.0	0.0005
1816	0.0	0.0005
1817	0.0	0.0005
1818	0.0	0.0005
1819	0.0	0.0005
1820	0.0	0.0005
1821	0.0	0.0005
1822	0.0	0.0005
1823	0.0	0.0005
1824	0.0	0.0005
1825	0.0	0.0005
1826	0.0	0.0005
1827	0.0	0.0005
1828	0.0	0.0005
1829	0.0	0.0005
1830	0.0	0.0005
1831	0.0	0.0005
1832	0.0	0.0005
1833	0.0	0.0005
1834	0.0	0.0005
1835	0.0	0.0005
1836	0.0	0.0005
1837	0.0	0.0005
1838	0.0	0.0005
1839	0.0	0.0005
1840	0.0	0.0005
1841	0.0	0.0005
1842	0.0	0.0005
1843	0.0	0.0005
1844	0.0	0.0005
1845	0.0758620689655	0.0755
1846	0.152631578947	0.1525
1847	0.0	0.0005
1848	0.0	0.0005
1849	0.168067226891	0.1685
1850	0.032967032967	0.0325
1851	0.230769230769	0.2305
1852	0.147186147186	0.1475
1853	0.134387351779	0.1345
1854	0.11231884058	0.1125
1855	0.418181818182	0.4185
1856	0.220588235294	0.2205
1857	0.535714285714	0.5355
1858	0.0	0.0005
1859	0.0689655172414	0.0685
1860	0.109523809524	0.1095
1861	0.160173160173	0.1605
1862	0.307692307692	0.3075
1863	0.0	0.0005
1864	0.0	0.0005
1865	0.0	0.0005
1866	0.0	0.0005
1867	0.0	0.0005
1868	0.0	0.0005
1869	0.0	0.0005
1870	0.0	0.0005
1871	0.0	0.0005
1872	0.0	0.0005
1873	0.0	0.0005
1874	1.0	0.9995
1875	0.0	0.0005
1876	0.0	0.0005
1877	0.0	0.0005
1878	0.4	0.4005
1879	0.0	0.0005
1880	0.0	0.0005
1881	0.0	0.0005
1882	0.0	0.0005
1883	0.0	0.0005
1884	0.0	0.0005
1885	0.0	0.0005
1886	0.0	0.0005
1887	0.0	0.0005
1888	1.0	0.9995
1889	1.0	0.9995
1890	1.0	0.9995
1891	1.0	0.9995
1892	1.0	0.9995
1893	1.0	0.9995
1894	0.5	0.5005
1895	1.0	0.9995
1896	1.0	0.9995
1897	1.0	0.9995
1898	0.5	0.5005
1899	1.0	0.9995
1900	0.0	0.0005
1901	0.0	0.0005
1902	0.0	0.0005
1903	0.666666666667	0.6665
1904	0.0	0.0005
1905	0.0	0.0005
1906	0.0	0.0005
1907	0.0	0.0005
1908	0.0	0.0005
1909	0.0	0.0005
1910	0.0	0.0005
1911	0.0	0.0005
1912	0.0	0.0005
1913	1.0	0.9995
1914	1.0	0.9995
1915	1.0	0.9995
1916	0.0	0.0005
1917	0.0	0.0005
1918	0.0	0.0005
1919	0.0	0.0005
1920	0.0	0.0005
1921	0.0	0.0005
1922	1.0	0.9995
1923	1.0	0.9995
1924	0.0	0.0005
1925	0.0	0.0005
1926	0.0	0.0005
1927	0.0	0.0005
1928	0.0	0.0005
1929	0.0	0.0005
1930	0.0	0.0005
1931	0.0	0.0005
1932	0.0	0.0005
1933	1.0	0.9995
1934	0.0	0.0005
1935	0.0	0.0005
1936	0.0	0.0005
1937	0.0	0.0005
1938	0.0	0.0005
1939	0.0	0.0005
1940	0.5	0.5005
1941	0.0	0.0005
1942	0.0	0.0005
1943	0.0	0.0005
1944	0.0	0.0005
1945	0.0	0.0005
1946	0.0	0.0005
1947	0.0	0.0005
1948	0.0	0.0005
1949	0.0	0.0005
1950	0.0	0.0005
1951	0.0	0.0005
1952	0.0	0.0005
1953	0.0	0.0005
1954	0.0	0.0005
1955	0.0	0.0005
1956	0.182186234818	0.1825
1957	0.0	0.0005
1958	0.333333333333	0.3335
1959	0.205128205128	0.2055
1960	0.190476190476	0.1905
1961	0.123188405797	0.1235
1962	0.333333333333	0.3335
1963	0.280632411067	0.2805
1964	0.180952380952	0.1805
1965	0.137254901961	0.1375
1966	0.0	0.0005
1967	0.0	0.0005
1968	0.0	0.0005
1969	0.0	0.0005
1970	0.166666666667	0.1665
1971	0.0	0.0005
1972	0.333333333333	0.3335
1973	0.5	0.5005
1974	0.0	0.0005
1975	0.666666666667	0.6665
1976	0.0	0.0005
1977	0.0	0.0005
1978	0.0	0.0005
1979	0.0	0.0005
1980	0.0	0.0005
1981	0.0	0.0005
1982	1.0	0.9995
1983	0.0	0.0005
1984	0.0	0.0005
1985	0.0	0.0005
1986	0.0	0.0005
1987	0.0	0.0005
1988	0.5	0.5005
1989	0.0	0.0005
1990	0.0	0.0005
1991	0.0	0.0005
1992	0.0	0.0005
1993	0.444444444444	0.4445
1994	0.1	0.1005
1995	0.0	0.0005
1996	0.0	0.0005
1997	0.0	0.0005
1998	0.0	0.0005
1999	0.0	0.0005
2000	0.0	0.0005
2001	0.0	0.0005
2002	0.0	0.0005
2003	0.666666666667	0.6665
2004	0.0	0.0005
2005	0.0	0.0005
2006	0.0	0.0005
2007	0.0	0.0005
2008	0.0	0.0005
2009	0.0	0.0005
2010	0.0	0.0005
2011	0.416666666667	0.4165
2012	0.0	0.0005
2013	0.703296703297	0.7035
2014	0.666666666667	0.6665
2015	0.333333333333	0.3335
2016	0.733333333333	0.7335
2017	0.0	0.0005
2018	0.0	0.0005
2019	0.0	0.0005
2020	0.0	0.0005
2021	1.0	0.9995
2022	1.0	0.9995
2023	1.0	0.9995
2024	1.0	0.9995
2025	0.0	0.0005
2026	0.0	0.0005
2027	0.0	0.0005
2028	0.0	0.0005
2029	0.0	0.0005
2030	0.0	0.0005
2031	0.0	0.0005
2032	0.0	0.0005
2033	0.0	0.0005
2034	0.0	0.0005
2035	0.0	0.0005
2036	0.0	0.0005
2037	0.0	0.0005
2038	0.0	0.0005
2039	0.0	0.0005
2040	0.0	0.0005
2041	0.0	0.0005
2042	0.0	0.0005
2043	0.0	0.0005
2044	0.0	0.0005
2045	0.0	0.0005
2046	0.0	0.0005
2047	0.666666666667	0.6665
2048	0.0	0.0005
2049	0.0	0.0005
2050	0.333333333333	0.3335
2051	0.211822660099	0.2115
2052	0.380434782609	0.3805
2053	0.120708748616	0.1205
2054	0.0	0.0005
2055	1.0	0.9995
2056	1.0	0.9995
2057	0.0	0.0005
2058	0.0	0.0005
2059	0.0	0.0005
2060	0.166666666667	0.1665
2061	0.220211161388	0.2205
2062	0.0	0.0005
2063	0.0	0.0005
2064	0.0	0.0005
2065	0.666666666667	0.6665
2066	0.4	0.4005
2067	0.333333333333	0.3335
2068	0.178461538462	0.1785
2069	1.0	0.9995
2070	0.0909090909091	0.0905
2071	0.7	0.6995
2072	0.0	0.0005
2073	0.466666666667	0.4665
2074	0.266666666667	0.2665
2075	0.00833333333333	0.0085
2076	0.4	0.4005
2077	0.133333333333	0.1335
2078	0.214285714286	0.2145
2079	0.0	0.0005
2080	0.0	0.0005
2081	0.0	0.0005
2082	0.0	0.0005
2083	0.0	0.0005
2084	0.0	0.0005
2085	0.0	0.0005
2086	0.0	0.0005
2087	0.0	0.0005
2088	0.0	0.0005
2089	0.0	0.0005
2090	0.0	0.0005
2091	0.0	0.0005
2092	0.0	0.0005
2093	0.0	0.0005
2094	0.0	0.0005
2095	0.0	0.0005
2096	0.0	0.0005
2097	0.0	0.0005
2098	0.0	0.0005
2099	0.0	0.0005
2100	0.0	0.0005
2101	0.0	0.0005
2102	0.0	0.0005
2103	0.0	0.0005
2104	1.0	0.9995
2105	0.0	0.0005
2106	0.0	0.0005
2107	0.0	0.0005
2108	0.0	0.0005
2109	0.0	0.0005
2110	0.0	0.0005
2111	0.0	0.0005
2112	0.0	0.0005
2113	0.0	0.0005
2114	0.0	0.0005
2115	0.0	0.0005
2116	0.0	0.0005
2117	0.0	0.0005
2118	1.0	0.9995
2119	1.0	0.9995
2120	0.0	0.0005
2121	0.0	0.0005
2122	0.0	0.0005
2123	0.0	0.0005
2124	0.3	0.3005
2125	0.0	0.0005
2126	0.0	0.0005
2127	0.0	0.0005
2128	1.0	0.9995
2129	0.0	0.0005
2130	0.0	0.0005
2131	0.0	0.0005
2132	0.0	0.0005
2133	0.0	0.0005
2134	0.0	0.0005
2135	0.0	0.0005
2136	0.666666666667	0.6665
2137	0.0	0.0005
2138	0.0	0.0005
2139	0.0	0.0005
2140	0.0	0.0005
2141	0.0	0.0005
2142	0.0	0.0005
2143	0.0	0.0005
2144	0.0	0.0005
2145	0.0	0.0005
2146	0.115384615385	0.1155
2147	0.0	0.0005
2148	0.0	0.0005
2149	0.0	0.0005
2150	0.0	0.0005
2151	0.520467836257	0.5205
2152	0.179487179487	0.1795
2153	0.04653622422	0.0465
2154	0.203629032258	0.2035
2155	0.210526315789	0.2105
2156	0.248768472906	0.2485
2157	0.477941176471	0.4775
2158	0.3	0.3005
2159	0.316666666667	0.3165
2160	0.390476190476	0.3905
2161	0.304347826087	0.3045
2162	0.0	0.0005
2163	0.0	0.0005
2164	0.0	0.0005
2165	0.333333333333	0.3335
2166	1.0	0.9995
2167	0.0	0.0005
2168	1.0	0.9995
2169	1.0	0.9995
2170	0.0	0.0005
2171	1.0	0.9995
2172	1.0	0.9995
2173	0.0	0.0005
2174	0.0	0.0005
2175	0.0	0.0005
2176	0.0	0.0005
2177	1.0	0.9995
2178	0.333333333333	0.3335
2179	0.0	0.0005
2180	0.0	0.0005
2181	0.0	0.0005
2182	0.0	0.0005
2183	0.0	0.0005
2184	0.0	0.0005
2185	0.0	0.0005
2186	0.0	0.0005
2187	0.0	0.0005
2188	0.0	0.0005
2189	0.0	0.0005
2190	0.0	0.0005
2191	0.0	0.0005
2192	0.0	0.0005
2193	0.0	0.0005
2194	0.0	0.0005
2195	0.0	0.0005
2196	0.0	0.0005
2197	0.0	0.0005
2198	0.666666666667	0.6665
2199	0.0	0.0005
2200	0.0	0.0005
2201	0.0	0.0005
2202	0.0	0.0005
2203	0.0	0.0005
2204	0.0	0.0005
2205	0.0	0.0005
2206	0.0	0.0005
2207	0.0	0.0005
2208	0.0	0.0005
2209	0.0	0.0005
2210	0.666666666667	0.6665
2211	0.0	0.0005
2212	0.0	0.0005
2213	0.0	0.0005
2214	0.0	0.0005
2215	0.0	0.0005
2216	0.0	0.0005
2217	0.0	0.0005
2218	0.0	0.0005
2219	0.0	0.0005
2220	1.0	0.9995
2221	0.184782608696	0.1845
2222	0.6	0.6005
2223	0.176470588235	0.1765
2224	0.0626780626781	0.0625
2225	0.0666666666667	0.0665
2226	0.0854700854701	0.0855
2227	0.533333333333	0.5335
2228	0.0701754385965	0.0705
2229	1.0	0.9995
2230	0.0	0.0005
2231	0.5	0.5005
2232	0.0	0.0005
2233	0.0	0.0005
2234	0.0	0.0005
2235	0.133333333333	0.1335
2236	0.266666666667	0.2665
2237	0.0	0.0005
2238	0.0	0.0005
2239	0.0	0.0005
2240	1.0	0.9995
2241	0.0	0.0005
2242	0.0	0.0005
2243	0.0	0.0005
2244	1.0	0.9995
2245	0.0	0.0005
2246	0.0	0.0005
2247	0.0	0.0005
2248	0.0	0.0005
2249	0.0	0.0005
2250	0.0	0.0005
2251	0.0	0.0005
2252	0.0	0.0005
2253	0.0	0.0005
2254	0.666666666667	0.6665
2255	0.0	0.0005
2256	0.0	0.0005
2257	0.177177177177	0.1775
2258	0.171370967742	0.1715
2259	0.0	0.0005
2260	0.0	0.0005
2261	0.0	0.0005
2262	0.0	0.0005
2263	0.0	0.0005
2264	0.0	0.0005
2265	0.0	0.0005
2266	0.0	0.0005
2267	0.0	0.0005
2268	0.238636363636	0.2385
2269	0.0	0.0005
2270	0.171428571429	0.1715
2271	0.166153846154	0.1665
2272	0.0571428571429	0.0575
2273	0.134453781513	0.1345
2274	0.144086021505	0.1445
2275	0.111538461538	0.1115
2276	0.268421052632	0.2685
2277	0.0	0.0005
2278	1.0	0.9995
2279	0.0	0.0005
2280	0.533333333333	0.5335
2281	0.0	0.0005
2282	0.0	0.0005
2283	0.0	0.0005
2284	0.0	0.0005
2285	0.5	0.5005
2286	0.0	0.0005
2287	0.6	0.6005
2288	0.0	0.0005
2289	0.333333333333	0.3335
2290	0.333333333333	0.3335
2291	1.0	0.9995
2292	1.0	0.9995
2293	0.666666666667	0.6665
2294	0.0	0.0005
2295	0.0	0.0005
2296	0.0	0.0005
2297	0.0	0.0005
2298	0.4	0.4005
2299	0.0	0.0005
2300	0.0	0.0005
2301	0.0	0.0005
2302	0.0	0.0005
2303	0.533333333333	0.5335
2304	0.0	0.0005
2305	0.0	0.0005
2306	1.0	0.9995
2307	0.0	0.0005
2308	0.0	0.0005
2309	0.0	0.0005
2310	0.0	0.0005
2311	0.0	0.0005
2312	0.25974025974	0.2595
2313	1.0	0.9995
2314	0.466666666667	0.4665
2315	0.333333333333	0.3335
2316	0.333333333333	0.3335
2317	1.0	0.9995
2318	0.5	0.5005
2319	1.0	0.9995
2320	1.0	0.9995
2321	1.0	0.9995
2322	1.0	0.9995
2323	1.0	0.9995
2324	0.0	0.0005
2325	0.0	0.0005
2326	1.0	0.9995
2327	0.0	0.0005
2328	0.0	0.0005
2329	0.0	0.0005
2330	0.0	0.0005
2331	0.333333333333	0.3335
2332	0.0	0.0005
2333	0.0	0.0005
2334	0.0	0.0005
2335	0.0	0.0005
2336	0.0	0.0005
2337	0.0	0.0005
2338	0.0	0.0005
2339	0.0	0.0005
2340	0.0	0.0005
2341	0.0	0.0005
2342	0.0	0.0005
2343	0.0	0.0005
2344	0.0	0.0005
2345	0.0	0.0005
2346	0.666666666667	0.6665
2347	0.111111111111	0.1115
2348	0.0833333333333	0.0835
2349	0.0	0.0005
2350	0.0	0.0005
2351	0.0	0.0005
2352	0.0	0.0005
2353	0.0	0.0005
2354	0.0	0.0005
2355	0.0	0.0005
2356	0.0	0.0005
2357	0.0	0.0005
2358	0.0	0.0005
2359	0.0	0.0005
2360	0.0	0.0005
2361	0.0	0.0005
2362	0.0	0.0005
2363	0.6	0.6005
2364	0.166666666667	0.1665
2365	0.0	0.0005
2366	0.0	0.0005
2367	0.0	0.0005
2368	0.0	0.0005
2369	0.242105263158	0.2425
2370	0.126773049645	0.1265
2371	0.25	0.2505
2372	0.304347826087	0.3045
2373	0.318681318681	0.3185
2374	0.261437908497	0.2615
2375	0.420289855072	0.4205
2376	0.416666666667	0.4165
2377	0.185714285714	0.1855
2378	0.380952380952	0.3805
2379	0.4	0.4005
2380	0.438596491228	0.4385
2381	0.103448275862	0.1035
2382	0.285714285714	0.2855
2383	0.360294117647	0.3605
2384	0.0	0.0005
2385	0.0	0.0005
2386	0.0	0.0005
2387	0.333333333333	0.3335
2388	0.0	0.0005
2389	0.0	0.0005
2390	0.0	0.0005
2391	0.333333333333	0.3335
2392	1.0	0.9995
2393	0.0	0.0005
2394	0.0	0.0005
2395	0.0	0.0005
2396	0.0	0.0005
2397	1.0	0.9995
2398	0.0	0.0005
2399	0.0	0.0005
2400	0.0	0.0005
2401	0.0	0.0005
2402	0.0	0.0005
2403	0.0	0.0005
2404	0.0	0.0005
2405	0.0	0.0005
2406	1.0	0.9995
2407	0.0	0.0005
2408	0.0	0.0005
2409	0.0	0.0005
2410	0.0	0.0005
2411	0.0	0.0005
2412	0.0	0.0005
2413	0.0	0.0005
2414	0.0	0.0005
2415	0.0	0.0005
2416	0.0	0.0005
2417	0.0	0.0005
2418	0.0	0.0005
2419	0.0	0.0005
2420	0.0	0.0005
2421	0.0	0.0005
2422	0.0	0.0005
2423	0.0	0.0005
2424	0.0	0.0005
2425	0.0	0.0005
2426	0.0	0.0005
2427	0.0	0.0005
2428	0.0	0.0005
2429	0.0	0.0005
2430	0.0	0.0005
2431	0.0	0.0005
2432	0.333333333333	0.3335
2433	1.0	0.9995
2434	0.694444444444	0.6945
2435	0.241830065359	0.2415
2436	0.21645021645	0.2165
2437	0.611111111111	0.6115
2438	0.6	0.6005
2439	1.0	0.9995
2440	1.0	0.9995
2441	0.0	0.0005
2442	0.0	0.0005
2443	1.0	0.9995
2444	0.0	0.0005
2445	1.0	0.9995
2446	0.933333333333	0.9335
2447	0.9	0.9005
2448	1.0	0.9995
2449	0.0	0.0005
2450	0.0	0.0005
2451	0.0	0.0005
2452	0.0	0.0005
2453	1.0	0.9995
2454	0.0	0.0005
2455	0.0	0.0005
2456	0.0	0.0005
2457	0.0	0.0005
2458	0.0	0.0005
2459	0.0	0.0005
2460	1.0	0.9995
2461	0.0	0.0005
2462	1.0	0.9995
2463	1.0	0.9995
2464	1.0	0.9995
2465	1.0	0.9995
2466	1.0	0.9995
2467	1.0	0.9995
2468	0.0	0.0005
2469	0.0	0.0005
2470	0.0	0.0005
2471	0.0	0.0005
2472	0.0	0.0005
2473	0.0	0.0005
2474	0.0	0.0005
2475	0.0	0.0005
2476	0.508333333333	0.5085
2477	0.0	0.0005
2478	0.20652173913	0.2065
2479	0.454545454545	0.4545
2480	0.0	0.0005
2481	0.0	0.0005
2482	0.0	0.0005
2483	0.0	0.0005
2484	0.666666666667	0.6665
2485	0.833333333333	0.8335
2486	0.0	0.0005
2487	0.5	0.5005
2488	0.666666666667	0.6665
2489	0.0	0.0005
2490	0.0	0.0005
2491	0.0	0.0005
2492	1.0	0.9995
2493	0.0	0.0005
2494	0.402597402597	0.4025
2495	0.238095238095	0.2385
2496	0.347368421053	0.3475
2497	0.170289855072	0.1705
2498	0.322751322751	0.3225
2499	0.0	0.0005
2500	0.0	0.0005
2501	0.0	0.0005
2502	0.0	0.0005
2503	0.0	0.0005
2504	0.6	0.6005
2505	0.0	0.0005
2506	0.0	0.0005
2507	0.0	0.0005
2508	0.0	0.0005
2509	0.0	0.0005
2510	0.0	0.0005
2511	0.0	0.0005
2512	1.0	0.9995
2513	0.666666666667	0.6665
2514	0.666666666667	0.6665
2515	1.0	0.9995
2516	0.0	0.0005
2517	0.0	0.0005
2518	0.0	0.0005
2519	0.0	0.0005
2520	0.0	0.0005
2521	0.0	0.0005
2522	0.0	0.0005
2523	0.0	0.0005
2524	0.0	0.0005
2525	0.0	0.0005
2526	0.0	0.0005
2527	0.0	0.0005
2528	0.0	0.0005
2529	0.0	0.0005
2530	0.0	0.0005
2531	0.198889916744	0.1985
2532	0.5	0.5005
2533	0.133333333333	0.1335
2534	0.4	0.4005
2535	0.25	0.2505
2536	0.159117305459	0.1595
2537	0.425	0.4255
2538	0.278985507246	0.2785
2539	0.181818181818	0.1815
2540	0.193675889328	0.1935
2541	0.0659340659341	0.0655
2542	0.103846153846	0.1035
2543	0.371794871795	0.3715
2544	0.0674763832659	0.0675
2545	0.182186234818	0.1825
2546	0.356725146199	0.3565
2547	0.177777777778	0.1775
2548	0.422222222222	0.4225
2549	0.411067193676	0.4115
2550	0.121212121212	0.1215
2551	0.0883190883191	0.0885
2552	0.242857142857	0.2425
2553	0.228571428571	0.2285
2554	0.155555555556	0.1555
2555	0.128571428571	0.1285
2556	0.178571428571	0.1785
2557	0.169411764706	0.1695
2558	0.18064516129	0.1805
2559	0.0	0.0005
2560	0.0	0.0005
2561	0.0	0.0005
2562	0.0	0.0005
2563	0.0	0.0005
2564	0.0	0.0005
2565	0.0	0.0005
2566	0.0	0.0005
2567	0.0	0.0005
2568	0.0	0.0005
2569	0.666666666667	0.6665
2570	0.0	0.0005
2571	0.0	0.0005
2572	0.0	0.0005
2573	0.0	0.0005
2574	0.0	0.0005
2575	1.0	0.9995
2576	0.333333333333	0.3335
2577	0.0	0.0005
2578	0.0	0.0005
2579	0.0	0.0005
2580	0.666666666667	0.6665
2581	0.333333333333	0.3335
2582	0.333333333333	0.3335
2583	0.0	0.0005
2584	1.0	0.9995
2585	0.076354679803	0.0765
2586	0.0	0.0005
2587	1.0	0.9995
2588	0.333333333333	0.3335
2589	0.166666666667	0.1665
2590	1.0	0.9995
2591	1.0	0.9995
2592	1.0	0.9995
2593	0.0	0.0005
2594	0.0	0.0005
2595	0.0	0.0005
2596	0.0	0.0005
2597	0.0	0.0005
2598	0.0	0.0005
2599	0.0	0.0005
2600	0.0	0.0005
2601	0.0	0.0005
2602	0.0	0.0005
2603	1.0	0.9995
2604	0.0	0.0005
2605	0.0	0.0005
2606	0.666666666667	0.6665
2607	1.0	0.9995
2608	1.0	0.9995
2609	0.333333333333	0.3335
2610	1.0	0.9995
2611	0.0	0.0005
2612	0.0	0.0005
2613	0.0	0.0005
2614	0.0	0.0005
2615	0.0	0.0005
2616	0.0	0.0005
2617	0.0	0.0005
2618	0.0	0.0005
2619	0.0	0.0005
2620	0.0	0.0005
2621	0.333333333333	0.3335
2622	0.333333333333	0.3335
2623	0.0	0.0005
2624	0.0	0.0005
2625	0.0	0.0005
2626	0.0	0.0005
2627	0.0	0.0005
2628	0.0	0.0005
2629	0.0	0.0005
2630	0.0	0.0005
2631	0.0	0.0005
2632	0.0	0.0005
2633	0.0	0.0005
2634	0.0	0.0005
2635	0.0	0.0005
2636	0.0	0.0005
2637	0.0	0.0005
2638	0.0	0.0005
2639	0.0	0.0005
2640	1.0	0.9995
2641	0.0	0.0005
2642	0.0	0.0005
2643	0.666666666667	0.6665
2644	0.0	0.0005
2645	0.0	0.0005
2646	0.0	0.0005
2647	0.6	0.6005
2648	0.0	0.0005
2649	0.0	0.0005
2650	0.666666666667	0.6665
2651	0.0	0.0005
2652	0.0	0.0005
2653	0.0	0.0005
2654	0.0	0.0005
2655	0.666666666667	0.6665
2656	0.0	0.0005
2657	0.0	0.0005
2658	0.333333333333	0.3335
2659	0.0	0.0005
2660	1.0	0.9995
2661	0.333333333333	0.3335
2662	1.0	0.9995
2663	0.0	0.0005
2664	0.0	0.0005
2665	1.0	0.9995
2666	1.0	0.9995
2667	0.0	0.0005
2668	0.0	0.0005
2669	0.0	0.0005
2670	0.0	0.0005
2671	0.0	0.0005
2672	0.0	0.0005
2673	0.0	0.0005
2674	0.0	0.0005
2675	1.0	0.9995
2676	0.0	0.0005
2677	0.0	0.0005
2678	0.0	0.0005
2679	0.0	0.0005
2680	0.0	0.0005
2681	0.0	0.0005
2682	0.0	0.0005
2683	0.0	0.0005
2684	0.0	0.0005
2685	0.0	0.0005
2686	0.0	0.0005
2687	0.0	0.0005
2688	0.0	0.0005
2689	0.0	0.0005
2690	0.0	0.0005
2691	0.0	0.0005
2692	0.0	0.0005
2693	0.0	0.0005
2694	0.0	0.0005
2695	0.0	0.0005
2696	0.454545454545	0.4545
2697	0.4	0.4005
2698	0.761904761905	0.7615
2699	0.607142857143	0.6075
2700	0.666666666667	0.6665
2701	1.0	0.9995
2702	0.355555555556	0.3555
2703	0.0727272727273	0.0725
2704	0.424242424242	0.4245
2705	0.583333333333	0.5835
2706	0.378787878788	0.3785
2707	0.227272727273	0.2275
2708	0.0	0.0005
2709	0.0	0.0005
2710	0.5	0.5005
2711	0.0	0.0005
2712	0.0	0.0005
2713	0.4	0.4005
2714	0.666666666667	0.6665
2715	0.0	0.0005
2716	0.0	0.0005
2717	0.0	0.0005
2718	0.0	0.0005
2719	0.0	0.0005
2720	0.0	0.0005
2721	0.0	0.0005
2722	0.0	0.0005
2723	0.0	0.0005
2724	0.0	0.0005
2725	0.0	0.0005
2726	0.0	0.0005
2727	0.0	0.0005
2728	0.408333333333	0.4085
2729	0.371541501976	0.3715
2730	0.533333333333	0.5335
2731	0.29347826087	0.2935
2732	0.214285714286	0.2145
2733	0.196825396825	0.1965
2734	0.0	0.0005
2735	0.0	0.0005
2736	0.0	0.0005
2737	0.0	0.0005
2738	0.0	0.0005
2739	0.0	0.0005
2740	1.0	0.9995
2741	0.0	0.0005
2742	1.0	0.9995
2743	1.0	0.9995
2744	0.0	0.0005
2745	1.0	0.9995
2746	0.0	0.0005
2747	1.0	0.9995
2748	1.0	0.9995
2749	0.0	0.0005
2750	0.337634408602	0.3375
2751	0.333333333333	0.3335
2752	1.0	0.9995
2753	0.0	0.0005
2754	0.0	0.0005
2755	0.0	0.0005
2756	0.0	0.0005
2757	0.0	0.0005
2758	0.333333333333	0.3335
2759	0.0	0.0005
2760	1.0	0.9995
2761	1.0	0.9995
2762	1.0	0.9995
2763	1.0	0.9995
2764	0.0	0.0005
2765	0.0	0.0005
2766	0.0	0.0005
2767	0.193456614509	0.1935
2768	1.0	0.9995
2769	1.0	0.9995
2770	1.0	0.9995
2771	0.0	0.0005
2772	0.0	0.0005
2773	0.0	0.0005
2774	0.0	0.0005
2775	1.0	0.9995
2776	0.0	0.0005
2777	0.0	0.0005
2778	0.0	0.0005
2779	0.0	0.0005
2780	1.0	0.9995
2781	0.0	0.0005
2782	0.0	0.0005
2783	0.384615384615	0.3845
2784	1.0	0.9995
2785	0.5	0.5005
2786	0.666666666667	0.6665
2787	0.333333333333	0.3335
2788	0.0	0.0005
2789	1.0	0.9995
2790	0.166666666667	0.1665
2791	0.161904761905	0.1615
2792	0.190476190476	0.1905
2793	0.0	0.0005
2794	0.21978021978	0.2195
2795	0.333333333333	0.3335
2796	0.0	0.0005
2797	0.0	0.0005
2798	0.666666666667	0.6665
2799	1.0	0.9995
2800	1.0	0.9995
2801	0.0	0.0005
2802	0.0	0.0005
2803	0.0	0.0005
2804	0.0	0.0005
2805	0.0	0.0005
2806	0.0	0.0005
2807	1.0	0.9995
2808	0.666666666667	0.6665
2809	1.0	0.9995
2810	0.666666666667	0.6665
2811	0.0	0.0005
2812	0.0	0.0005
2813	0.0	0.0005
2814	0.0	0.0005
2815	0.0	0.0005
2816	0.222222222222	0.2225
2817	0.0	0.0005
2818	0.333333333333	0.3335
2819	0.0666666666667	0.0665
2820	0.0882352941176	0.0885
2821	0.0	0.0005
2822	0.0	0.0005
2823	1.0	0.9995
2824	0.0	0.0005
2825	0.0	0.0005
2826	0.0	0.0005
2827	0.0	0.0005
2828	0.0	0.0005
2829	0.0	0.0005
2830	0.0	0.0005
2831	0.0	0.0005
2832	0.0	0.0005
2833	0.0	0.0005
2834	0.0	0.0005
2835	0.5	0.5005
2836	1.0	0.9995
2837	0.666666666667	0.6665
2838	0.333333333333	0.3335
2839	0.666666666667	0.6665
2840	0.0	0.0005
2841	0.381773399015	0.3815
2842	0.42735042735	0.4275
2843	0.0349971313827	0.0345
2844	0.0222222222222	0.0225
2845	0.23613086771	0.2365
2846	0.184946236559	0.1845
2847	0.0	0.0005
2848	0.0	0.0005
2849	0.0	0.0005
2850	0.0	0.0005
2851	0.0	0.0005
2852	0.0	0.0005
2853	0.0	0.0005
2854	0.5	0.5005
2855	0.0	0.0005
2856	1.0	0.9995
2857	0.0	0.0005
2858	0.0	0.0005
2859	0.333333333333	0.3335
2860	0.0	0.0005
2861	1.0	0.9995
2862	0.0	0.0005
2863	1.0	0.9995
2864	0.0	0.0005
2865	0.0	0.0005
2866	0.0	0.0005
2867	0.0	0.0005
2868	0.0	0.0005
2869	0.0	0.0005
2870	0.0	0.0005
2871	0.0	0.0005
2872	0.0	0.0005
2873	0.0	0.0005
2874	0.0	0.0005
2875	0.0	0.0005
2876	0.0	0.0005
2877	0.0	0.0005
2878	0.0	0.0005
2879	0.0	0.0005
2880	0.0	0.0005
2881	0.0	0.0005
2882	0.0	0.0005
2883	0.0	0.0005
2884	0.0	0.0005
2885	0.0	0.0005
2886	0.0	0.0005
2887	0.0	0.0005
2888	0.0	0.0005
2889	0.0	0.0005
2890	0.0	0.0005
2891	0.0	0.0005
2892	0.0	0.0005
2893	0.0	0.0005
2894	0.0	0.0005
2895	0.0	0.0005
2896	0.0	0.0005
2897	0.0	0.0005
2898	0.0	0.0005
2899	0.0	0.0005
2900	0.0	0.0005
2901	0.0	0.0005
2902	0.0	0.0005
2903	1.0	0.9995
2904	0.0	0.0005
2905	0.0	0.0005
2906	0.0	0.0005
2907	0.0	0.0005
2908	0.0	0.0005
2909	0.0	0.0005
2910	0.0	0.0005
2911	0.0	0.0005
2912	0.0	0.0005
2913	0.0	0.0005
2914	0.0	0.0005
2915	0.0	0.0005
2916	0.0	0.0005
2917	0.0	0.0005
2918	0.0	0.0005
2919	0.0	0.0005
2920	1.0	0.9995
2921	0.0220588235294	0.0225
2922	0.0	0.0005
2923	0.0	0.0005
2924	0.0	0.0005
2925	0.0	0.0005
2926	0.0	0.0005
2927	0.0	0.0005
2928	0.0	0.0005
2929	0.0	0.0005
2930	0.0	0.0005
2931	0.0	0.0005
2932	0.0	0.0005
2933	0.0	0.0005
2934	0.0	0.0005
2935	0.0	0.0005
2936	0.0	0.0005
2937	0.177536231884	0.1775
2938	0.0	0.0005
2939	0.0	0.0005
2940	0.0	0.0005
2941	0.0	0.0005
