0	0.00124751687788	-0.00333671254077
1	-0.00102111902538	0.000802733097824
2	-0.0143088436016	-0.00747615817936
3	0.0015716077212	-0.00057708211504
4	-4.8846495409e-05	-0.000117143710752
5	0.000275244347913	-0.000117143710752
6	0.00675706121435	-0.00149695892362
7	-0.000372937338731	-0.00471652775363
8	0.00221978940784	0.000342794693536
9	-0.00491020914524	-0.00793609658365
10	-0.00815111757846	-0.0447311689267
11	-4.8846495409e-05	-0.00241683573219
12	-0.000697028182053	-0.00563640456221
13	-0.00361384577195	0.000342794693536
14	-4.8846495409e-05	-0.000117143710752
15	0.00870160627428	-0.00057708211504
16	-0.00491020914524	-0.0129954190308
17	-0.00231748239866	-0.00057708211504
18	-0.00491020914524	0.00310242511926
19	-0.0013452098687	-0.00931591179651
20	-0.0110679351684	-0.0102357886051
21	-4.8846495409e-05	-0.000117143710752
22	0.00675706121435	-0.00057708211504
23	0.00351615278113	-0.00057708211504
24	0.0129147872375	0.0169005772479
25	0.083890681925	-0.00931591179651
26	-0.00555839083188	0.00264248671498
27	0.0193966041039	-0.00149695892362
28	-0.0250038414312	-0.021274310308
29	0.0132388780808	0.0192002692693
30	-0.0123642985416	-0.00563640456221
31	-0.0272724773345	-0.014835172648
32	-0.00264157324199	-0.00103702051933
33	-0.000697028182053	-0.00517646615792
34	0.00189569856452	0.00356236352355
35	0.00351615278113	-0.0019568973279
36	-0.00717884504849	-0.0493305529696
37	0.007405242901	0.0136810084179
38	-0.00199339155534	0.00126267150211
39	-4.8846495409e-05	-0.000117143710752
40	-0.000697028182053	0.000342794693536
41	0.00351615278113	0.00678193235357
42	0.0171279682007	-0.00287677413648
43	0.109169767704	-0.0327727704152
44	-0.0661633785331	0.0403574358666
45	-0.0178738428781	-0.0254137559466
46	0.00286797109449	-0.00057708211504
47	-0.0013452098687	-0.00563640456221
48	0.00999796964757	-0.00241683573219
49	-4.8846495409e-05	-0.000117143710752
50	-0.00491020914524	-0.0281733863723
51	-4.8846495409e-05	-0.000117143710752
52	-0.0087992992651	-0.0060963429665
53	-4.8846495409e-05	-0.000117143710752
54	-4.8846495409e-05	-0.000117143710752
55	0.00221978940784	-0.00057708211504
56	-0.00199339155534	0.00126267150211
57	-4.8846495409e-05	-0.000117143710752
58	-0.020790660468	0.00724187075786
59	0.00189569856452	-0.0185146798823
60	-0.0405602019107	-0.274240432666
61	0.000599335191235	-0.0336926472238
62	0.00351615278113	-0.00057708211504
63	-0.0684320144364	0.0366779286323
64	0.121809310594	0.179718772366
65	-0.00361384577195	-0.0171348646694
66	-0.000372937338731	-0.0102357886051
67	-4.8846495409e-05	-0.00425658934934
68	0.00513660699774	-0.00103702051933
69	-0.106350643105	0.0619745408681
70	0.0210170583205	-0.0129954190308
71	-0.0169015703482	0.00586205554499
72	0.0184243315739	0.00126267150211
73	-0.00750293589182	-0.00057708211504
74	-4.8846495409e-05	-0.000117143710752
75	-0.00296566408531	-0.014835172648
76	-4.8846495409e-05	-0.000117143710752
77	0.000275244347913	-0.00057708211504
78	0.00805342458764	-0.0019568973279
79	-0.0139847527583	-0.0125354806265
80	0.000923426034557	-0.000117143710752
81	-0.00328975492863	-0.0111556654137
82	-0.0013452098687	-0.00885597339222
83	-0.00912339010843	-0.0060963429665
84	-4.8846495409e-05	-0.000117143710752
85	0.0145352414541	-0.00287677413648
86	-4.8846495409e-05	-0.000117143710752
87	-0.0013452098687	-0.0120755422222
88	-0.00199339155534	-0.00149695892362
89	-0.000697028182053	0.000342794693536
90	0.0955579522846	0.162701051407
91	0.025554330127	0.0449568199095
92	0.00772933374432	0.000342794693536
93	-0.0133365710716	-0.0208143719037
94	-0.0233833872146	0.0146008852265
95	-4.8846495409e-05	-0.00471652775363
96	0.0472684166296	0.063354356081
97	0.000599335191235	-0.000117143710752
98	-0.000697028182053	-0.00517646615792
99	-0.0013452098687	-0.000117143710752
