0	0.00057103320716	-0.00197011772816
1	0.00143906730918	-0.000143589534652
2	-0.0927426327596	0.021318116739
3	-0.00116503499687	0.00853241938449
4	0.000137016156152	-0.000143589534652
5	-0.00116503499687	-0.000600221583028
6	0.00143906730918	-0.00836296640542
7	0.00057103320716	0.000313042513724
8	-0.00203306909889	0.00716252323936
9	0.00968539127833	0.0158385321585
10	0.00404316961522	0.00168293865885
11	0.0201018005025	-0.00288338182491
12	0.00057103320716	0.0007696745621
13	-0.00333512025191	-0.00470991001841
14	0.000137016156152	-0.000143589534652
15	-0.0141855465271	-0.0179522394213
16	0.00968539127833	-0.00973286255055
17	-0.00116503499687	0.0007696745621
18	-0.00593922255796	-0.00744970230867
19	0.0027411184622	-0.00151348567978
20	0.0240079539616	-0.0334777290661
21	0.000137016156152	-0.000143589534652
22	0.0127235106354	0.0194915885455
23	-0.000297000894856	0.0108155796264
24	-0.000731017945864	-0.00242674977653
25	0.00968539127833	0.0121854757715
26	-0.0176576829352	-0.00927623050217
27	0.00187308436018	0.0336471820452
28	-0.0246019557513	0.028624229513
29	-0.00420315435393	0.00761915528774
30	-0.0701737461071	0.0144686360134
31	-0.141352542472	0.0263410692712
32	-0.0120154612721	-0.00242674977653
33	0.00057103320716	0.000313042513724
34	0.000137016156152	-0.000600221583028
35	-0.0029011032009	0.0199482205939
36	0.0118554765334	-0.00242674977653
37	-0.0029011032009	0.000313042513724
38	-0.0029011032009	-0.00379664592166
39	0.000137016156152	0.00213957070723
40	0.00057103320716	-0.000600221583028
41	-0.00116503499687	0.000313042513724
42	0.00447718666623	-0.0152124471311
43	0.0378964995938	-0.035760889308
44	0.00317513551321	0.0368436063838
45	-0.064097507393	0.0240579090293
46	-0.00333512025191	-0.0010568536314
47	0.00100505025817	-0.0010568536314
48	0.00447718666623	0.00670589119099
49	0.000137016156152	-0.000143589534652
50	0.00708128897228	-0.00151348567978
51	0.000137016156152	-0.000143589534652
52	0.00751530602329	0.014012003965
53	0.000137016156152	-0.000143589534652
54	0.000137016156152	-0.000143589534652
55	0.00317513551321	0.00898905143287
56	-0.0029011032009	-0.00379664592166
57	0.000137016156152	0.000313042513724
58	0.0222718857576	-0.0311945688242
59	0.00404316961522	0.00168293865885
60	0.00100505025817	0.0226880128841
61	0.00360915256422	0.00533599504586
62	0.00187308436018	-0.00288338182491
63	-0.00854332486401	0.0126421078199
64	-0.0128834953741	0.00350946685236
65	0.00404316961522	-0.000600221583028
66	0.00664727192127	0.0167517962553
67	0.00491120371724	-0.00653643821192
68	-0.00333512025191	0.0167517962553
69	-0.0888364793005	-0.187362729369
70	-0.0172236658842	0.0925527162857
71	0.00404316961522	-0.00699307026029
72	0.0027411184622	0.0025962027556
73	0.0201018005025	-0.0174956073729
74	0.00143906730918	0.0007696745621
75	0.0027411184622	0.00487936299748
76	0.000137016156152	-0.000143589534652
77	-0.000297000894856	0.0025962027556
78	0.00057103320716	0.00122630661048
79	0.0170636811455	0.0290808615614
80	0.00143906730918	0.00396609890073
81	-0.00203306909889	0.00350946685236
82	0.0027411184622	-0.0010568536314
83	-0.0480388765057	0.0112722116747
84	0.000137016156152	-0.000143589534652
85	-0.00724127371098	0.0162951642069
86	0.000137016156152	-0.000143589534652
87	0.00143906730918	0.00350946685236
88	0.0083833401253	-0.00744970230867
89	-0.00116503499687	-0.00151348567978
90	-0.0154875976801	0.00168293865885
91	-0.00550520550695	-0.000143589534652
92	-0.0302441774144	-0.0279981444856
93	0.0383305166449	0.000313042513724
94	0.00317513551321	0.00487936299748
95	0.00230710141119	-0.0216052958083
96	-0.00333512025191	-0.000143589534652
97	-0.000731017945864	0.00213957070723
98	0.00100505025817	0.00122630661048
99	0.0027411184622	0.000313042513724
