0	83	5.09857239973e-05
1	3	5.53261117178e-05
2	18	8.09305608481e-05
3	25	0.000222648324819
4	13	7.91678966795e-05
5	58	0.000181446211718
6	21	0.000107819464773
7	65	0.000458223712306
8	58	0.000281325505953
9	44	0.000137143266843
10	100	0.000399621371797
11	48	0.000257131618358
12	29	0.000139185795293
13	25	9.59109919568e-05
14	19	8.25503855469e-05
15	60	0.000156031121084
16	56	0.000134477502858
17	15	7.53264118741e-05
18	39	9.84857619674e-05
19	21	7.27079626794e-05
20	41	0.000125260776928
21	59	0.000195415664531
22	32	5.79390257955e-05
23	75	0.000104289132836
24	37	7.72103019781e-05
25	48	0.000117452627453
26	48	7.15516049385e-05
27	59	0.000145964256244
28	30	6.61678128316e-05
29	56	8.8055194414e-05
30	66	0.000160234713745
31	71	0.000134595023414
32	44	0.000114471110495
33	39	9.89488934211e-05
34	69	0.000130844310094
35	46	0.000110461787668
36	36	8.83426527005e-05
37	28	5.81195906173e-05
38	25	9.2077956211e-05
39	27	0.000110307954507
40	21	8.51680616466e-05
41	20	6.50288856405e-05
42	14	5.60463192157e-05
43	25	6.64411112464e-05
44	40	6.63329751323e-05
45	48	5.97940548957e-05
46	79	7.63988188985e-05
47	34	6.73993298504e-05
48	40	8.730551949e-05
49	38	5.15078669539e-05
50	33	5.48649310204e-05
51	33	5.23801042207e-05
52	33	5.96914144818e-05
53	28	5.93207350449e-05
54	35	5.91900959526e-05
55	33	6.10376678369e-05
56	34	6.10376678369e-05
57	51	8.39020584359e-05
58	61	5.74650434587e-05
59	18	5.39080315907e-05
60	26	6.08668235122e-05
61	22	5.67956259086e-05
62	26	5.15078669539e-05
63	21	6.96516562743e-05
64	24	5.15078669539e-05
65	12	6.13607230227e-05
66	32	6.1011087245e-05
67	10	5.53969570636e-05
68	30	6.29557971801e-05
69	17	5.57885253582e-05
70	24	5.5807889087e-05
71	25	5.55312722465e-05
72	57	0.000113753124971
73	60	5.31294109135e-05
74	19	5.15078669539e-05
75	7	5.47526515694e-05
76	28	5.15078669539e-05
77	45	5.61697958401e-05
78	26	6.24532886816e-05
79	5	5.15078669539e-05
80	31	5.67956259086e-05
81	24	5.45861850837e-05
82	33	5.31294109135e-05
83	28	5.15078669539e-05
84	2	0.000101869822935
85	11	0.000172715482441
86	9	0.00013013332021
87	11	0.000173574158095
88	3	6.56932279067e-05
89	2	6.46699578578e-05
90	33	0.000303125785311
91	11	0.000215326797995
92	1	5.48424376555e-05
93	2	6.2449135905e-05
94	1	5.48424376555e-05
95	2	5.64861923461e-05
96	1	5.48424376555e-05
97	1	5.48424376555e-05
98	1	5.48424376555e-05
99	3	5.93745901558e-05
100	1	5.48424376555e-05
101	2	6.04050306497e-05
102	1	5.48424376555e-05
103	2	6.0274534537e-05
104	1	5.48424376555e-05
105	3	7.26122202835e-05
106	1	5.48424376555e-05
107	1	5.48424376555e-05
108	1	5.48424376555e-05
109	5	8.78078486038e-05
110	1	5.48424376555e-05
111	1	5.48424376555e-05
112	1	5.48424376555e-05
113	4	6.71535475414e-05
114	1	5.48424376555e-05
115	3	6.34498305191e-05
116	1	5.48424376555e-05
117	1	5.48424376555e-05
118	1	5.48424376555e-05
119	4	0.000105157100412
120	1	5.48424376555e-05
121	2	5.76555313532e-05
122	1	5.48424376555e-05
123	2	5.95899584296e-05
124	8	8.34018041952e-05
125	2	5.7436607965e-05
126	6	0.000109507318956
127	31	0.000131342314527
128	2	0.000128431862541
129	3	0.000130987050934
130	14	0.000227763353155
131	5	0.000145870216206
132	11	0.000179610470266
133	1	9.42691060426e-05
134	5	0.000152499805098
135	3	0.000102705241686
136	1	5.53037443607e-05
137	2	5.7002111019e-05
138	1	5.53037443607e-05
139	2	5.9421859641e-05
140	1	5.53037443607e-05
141	2	5.7002111019e-05
142	6	7.37001439043e-05
143	7	7.6501744333e-05
144	1	5.53037443607e-05
145	3	6.24342079006e-05
146	10	9.9304555232e-05
147	2	5.7002111019e-05
148	3	6.29102988971e-05
149	1	5.53037443607e-05
150	6	0.000101508339959
151	2	5.78979146702e-05
152	13	0.000120593303132
153	4	9.45085464198e-05
154	3	6.00481421543e-05
155	47	0.00025423936159
156	1	5.53037443607e-05
157	15	0.000128220588473
158	11	0.000171282208867
159	1	8.49568328205e-05
160	31	0.000173959940136
161	3	0.000107660191651
162	2	0.000111551610082
163	1	0.000105631219293
164	3	6.32842005695e-05
165	3	5.88638867479e-05
166	18	0.000138102837582
167	40	0.000111427352583
168	12	0.000103904093425
169	18	0.000165302165652
170	4	7.12885942847e-05
171	1	5.80027155254e-05
172	1	5.80027155254e-05
173	23	7.31965064209e-05
174	25	0.000121556348498
175	22	0.000127407747976
176	13	0.000105651114043
177	3	6.41605313611e-05
178	2	6.27335953362e-05
179	8	8.25112054048e-05
180	7	7.35701987818e-05
181	7	7.31660769366e-05
182	7	8.14379332802e-05
183	14	0.000162547114473
184	31	0.000117806190798
185	11	8.22244042248e-05
186	1	5.55581030412e-05
187	4	6.86238669446e-05
188	8	7.7450022355e-05
189	23	6.73799767574e-05
190	8	0.000127464741457
191	5	6.51689668525e-05
192	4	6.4630351456e-05
193	6	6.73676076545e-05
194	2	5.78292898873e-05
195	3	5.84555391685e-05
196	3	6.20901456311e-05
197	9	7.06771594219e-05
198	16	0.000119282181255
199	15	0.000127550228286
200	7	7.43502294967e-05
201	3	6.54984830741e-05
202	6	7.78910875205e-05
203	14	0.000126007412584
204	3	6.78934590545e-05
205	12	0.00010276213675
206	1	5.26840906556e-05
207	12	8.49254459216e-05
208	1	5.26840906556e-05
209	6	6.91182348072e-05
210	3	6.20101506602e-05
211	4	6.26863551961e-05
212	5	6.40879732167e-05
213	1	5.26840906556e-05
214	1	5.26582942179e-05
215	3	5.42771178768e-05
216	4	6.7416451104e-05
217	22	6.14466999389e-05
218	1	5.26582942179e-05
219	2	5.58379433427e-05
220	4	5.83230051433e-05
221	8	6.83763032387e-05
222	41	0.000131124070316
223	9	6.40845050454e-05
224	5	5.75640137629e-05
225	1	5.26582942179e-05
226	1	5.26582942179e-05
227	3	5.7374744583e-05
228	2	5.80903910994e-05
229	1	5.26582942179e-05
230	36	0.000124362922907
231	4	6.34522057967e-05
232	5	6.10612187021e-05
233	2	5.77190776238e-05
234	33	0.000121998478337
235	11	9.13623187553e-05
236	3	5.59966521485e-05
237	6	6.23356358508e-05
238	2	6.14001455811e-05
239	1	5.55237405112e-05
240	2	6.14001455811e-05
241	8	8.08900949097e-05
242	2	5.83841999523e-05
243	16	0.000159394264827
244	3	6.06541290238e-05
245	7	7.05374662067e-05
246	59	0.000209338485237
247	45	0.000159837540522
248	3	5.90438272828e-05
249	1	5.26294786879e-05
250	85	0.000354551546084
251	5	7.01139170422e-05
252	11	6.81989673875e-05
253	3	5.62924103457e-05
254	33	7.73995053532e-05
255	41	0.000123614925215
256	16	6.28103866918e-05
257	1	5.29048795036e-05
258	26	0.000111930270241
259	3	5.55849796043e-05
260	9	7.30755426605e-05
261	28	0.000140881003169
262	1	5.64339175154e-05
263	4	6.96512995708e-05
264	4	6.88523934394e-05
265	3	6.80804672895e-05
266	11	8.67428422402e-05
267	19	0.000108291755477
268	61	0.000249590980352
269	4	7.94685630533e-05
270	32	0.000149326260135
271	5	6.59480472881e-05
272	5	6.11397404062e-05
273	14	0.000116391345269
274	15	8.9430403691e-05
275	4	6.52835131677e-05
276	7	7.1663626184e-05
277	4	6.45168171727e-05
278	2	6.60424314915e-05
279	3	6.0519074316e-05
280	2	6.60424314915e-05
281	3	5.86963698276e-05
282	1	5.42544820524e-05
283	4	6.417681849e-05
284	7	7.1728612728e-05
285	6	6.97813247438e-05
286	7	6.83416310567e-05
287	5	6.46189572236e-05
288	7	7.06097409528e-05
289	15	0.00011333983086
290	1	5.58509472777e-05
291	11	8.41926874312e-05
292	8	6.01495786207e-05
293	4	5.97220365907e-05
294	1	5.4220603176e-05
295	4	5.993064571e-05
296	5	6.44671849732e-05
297	3	5.86248773485e-05
298	7	7.19196678188e-05
299	4	6.46221676878e-05
300	7	7.42171065905e-05
301	5	7.00528168349e-05
302	16	8.64846156952e-05
303	1	5.68540446532e-05
304	84	0.000151462095786
305	22	0.000138648129546
306	4	5.82033059886e-05
307	1	5.31336219939e-05
308	1	5.31336219939e-05
309	3	5.55892954941e-05
310	2	5.50371735987e-05
311	1	5.31336219939e-05
312	3	5.70320568154e-05
313	6	7.11638072499e-05
314	6	7.11638072499e-05
315	14	8.04324345182e-05
316	47	0.000126264706866
317	30	9.39405330559e-05
318	1	6.66127641358e-05
319	22	9.59931898819e-05
320	22	0.000123446331655
321	31	9.00632735946e-05
322	2	5.84602674083e-05
323	8	7.29206786906e-05
324	7	6.97960419859e-05
325	4	6.11018783202e-05
326	6	7.29642639711e-05
327	5	6.06898889159e-05
328	25	6.40670764508e-05
329	14	8.4847796918e-05
330	16	8.3111709786e-05
331	22	7.399160293e-05
332	12	7.20585474192e-05
333	3	5.57968884717e-05
334	4	5.74787455003e-05
335	25	0.000111339919667
336	15	6.39796761969e-05
337	3	5.71184982025e-05
338	2	5.49853875893e-05
339	5	6.46827685767e-05
340	22	7.30491566926e-05
341	8	6.85660838558e-05
342	4	5.76905146667e-05
343	4	5.82064741689e-05
344	1	5.19847859574e-05
345	1	5.19847859574e-05
346	5	5.7969892684e-05
347	9	6.68073959728e-05
348	5	5.79489403937e-05
349	6	6.36607064472e-05
350	9	6.99241480669e-05
351	4	5.79241440448e-05
352	3	6.24757449936e-05
353	7	7.94772096578e-05
354	4	5.78148178981e-05
355	4	6.02411537542e-05
356	1	5.40777962702e-05
357	2	5.57815764593e-05
358	2	5.62094526798e-05
359	1	5.40777962702e-05
360	7	6.19268769139e-05
361	2	5.4950033537e-05
362	5	5.86862520397e-05
363	3	5.69650196793e-05
364	3	5.65334697704e-05
365	3	5.65334697704e-05
366	5	6.54589195481e-05
367	10	5.90267375561e-05
368	23	8.1202410803e-05
369	1	5.21690128327e-05
370	14	7.92254744591e-05
371	3	5.76141710612e-05
372	1	5.21690128327e-05
373	1	5.21690128327e-05
374	3	5.88968430048e-05
375	1	5.21690128327e-05
376	1	5.21690128327e-05
377	1	5.21690128327e-05
378	14	7.61487917357e-05
379	3	5.61479623594e-05
380	21	6.35929824962e-05
381	1	5.21690128327e-05
382	2	5.28732531454e-05
383	3	5.49254094167e-05
384	1	5.21690128327e-05
385	2	5.27069563577e-05
386	1	5.21690128327e-05
387	1	5.21690128327e-05
388	1	5.21690128327e-05
389	3	5.80355280027e-05
390	4	6.66938746359e-05
391	3	5.68887801776e-05
392	1	5.25402304158e-05
393	2	5.43183961658e-05
394	41	0.000111003201351
395	3	5.62707725261e-05
396	2	5.36499023473e-05
397	2	5.48761459348e-05
398	3	5.84166399809e-05
399	4	6.16584281638e-05
400	1	5.26769807409e-05
401	3	5.87567698746e-05
402	3	5.64493580166e-05
403	2	5.55771207498e-05
404	2	6.43334710569e-05
405	2	5.55771207498e-05
406	2	5.55771207498e-05
407	1	5.26769807409e-05
408	2	5.42985247006e-05
409	4	5.68050412473e-05
410	1	5.26769807409e-05
411	4	5.54721054382e-05
412	1	5.26769807409e-05
413	1	5.26769807409e-05
414	1	5.26769807409e-05
415	1	5.26769807409e-05
416	1	5.26769807409e-05
417	1	5.26769807409e-05
418	1	5.26769807409e-05
419	5	5.89190211132e-05
420	2	5.78791653928e-05
421	3	6.27237540982e-05
422	1	5.32776627319e-05
423	5	8.68711608486e-05
424	3	5.751525717e-05
425	15	7.97613670917e-05
426	3	5.63593408235e-05
427	5	5.756635708e-05
428	3	5.52746980788e-05
429	2	5.54228075669e-05
430	2	5.44140442967e-05
431	3	5.51926649739e-05
432	9	7.30682679481e-05
433	3	5.51926649739e-05
434	1	5.26627768203e-05
435	2	5.44140442967e-05
436	6	7.35551889421e-05
437	7	6.75009508011e-05
438	1	5.29811864396e-05
439	2	5.49027428655e-05
440	2	5.34900033975e-05
441	37	7.27270972993e-05
442	3	5.67268965556e-05
443	110	0.000167695344841
444	7	6.45286427933e-05
445	7	6.36539230714e-05
446	1	5.29072804232e-05
447	3	5.55136497694e-05
448	5	6.1966094848e-05
449	2	5.50048328115e-05
450	3	5.58770700783e-05
451	23	5.84476846324e-05
452	1	5.30832763856e-05
453	2	5.38618970628e-05
454	5	5.90748516776e-05
455	5	5.82733111173e-05
456	4	5.64675667257e-05
457	2	5.308591095e-05
458	3	5.53388817661e-05
459	1	5.18579612641e-05
460	1	5.18579612641e-05
461	3	5.38084839857e-05
462	1	5.18579612641e-05
463	3	5.38084839857e-05
464	1	5.18579612641e-05
465	2	5.33238956238e-05
466	3	5.46793390787e-05
467	1	5.18579612641e-05
468	4	5.73076863401e-05
469	64	0.000197083682598
470	2	5.40813813683e-05
471	2	5.40813813683e-05
472	1	5.35725644104e-05
473	2	5.61173236581e-05
474	7	7.13291033238e-05
475	4	6.22090812423e-05
476	7	6.92788621644e-05
477	8	7.12359194583e-05
478	3	5.76341620189e-05
479	1	5.36677396652e-05
480	1	5.36677396652e-05
481	1	5.36677396652e-05
482	2	5.79495453903e-05
483	17	8.91460548974e-05
484	55	8.11248416127e-05
485	21	0.00010177859765
486	36	6.87465858027e-05
487	1	5.28892756021e-05
488	1	5.28892756021e-05
489	1	5.28892756021e-05
490	1	5.28892756021e-05
491	2	5.36678962793e-05
492	1	5.28892756021e-05
493	1	5.28892756021e-05
494	1	5.28892756021e-05
495	1	5.28892756021e-05
496	1	5.28892756021e-05
497	5	6.11925956639e-05
498	7	6.24949716174e-05
499	5	6.15504987515e-05
500	3	5.73534636707e-05
501	2	5.45737456631e-05
502	1	5.29803175344e-05
503	3	5.78383093548e-05
504	1	5.7712497355e-05
505	1	5.7712497355e-05
506	2	5.56658023276e-05
507	3	5.80376384735e-05
508	4	5.99090687419e-05
509	52	0.000141030866571
510	22	0.00010698235422
511	4	5.78044301049e-05
512	13	0.000111443080796
513	14	9.31791743376e-05
514	24	0.00012687880031
515	11	7.74839528677e-05
516	7	6.88416379674e-05
517	9	7.12185127038e-05
518	7	8.18325549434e-05
519	70	0.000101229544459
520	52	0.000111710778368
521	6	6.80796304172e-05
522	17	8.68504516697e-05
523	24	9.28397040786e-05
524	9	7.88866707625e-05
525	29	6.35186833169e-05
526	50	0.000112925148733
527	27	7.98510983542e-05
528	1	5.42087292072e-05
529	7	5.90792489435e-05
530	1	5.17643446745e-05
531	3	5.51916330257e-05
532	1	5.17643446745e-05
533	1	5.17643446745e-05
534	1	5.17643446745e-05
535	1	5.17643446745e-05
536	50	5.53769471221e-05
537	1	5.17643446745e-05
538	2	5.50998969653e-05
539	2	6.52255100215e-05
540	3	5.73422737891e-05
541	15	5.9615360729e-05
542	3	6.14349575786e-05
543	2	5.49896339268e-05
544	4	5.89870851969e-05
545	2	5.5185099904e-05
546	3	5.71895103082e-05
547	1	5.26072679569e-05
548	1	5.26072679569e-05
549	1	5.26072679569e-05
550	3	5.6478336344e-05
551	1	5.26072679569e-05
552	2	5.39301387493e-05
553	1	5.21502197647e-05
554	2	5.39301387493e-05
555	5	5.97978958361e-05
556	3	6.19835143229e-05
557	3	5.98047856447e-05
558	23	5.89357070743e-05
559	130	0.000372692632884
560	33	5.34634884131e-05
561	44	7.06824887502e-05
562	10	7.00723984025e-05
563	5	5.7764446197e-05
564	39	6.32094444142e-05
565	86	8.11896633214e-05
566	43	6.200539281e-05
567	2	5.35781694253e-05
568	1	5.21502197647e-05
569	1	5.21502197647e-05
570	1	5.21502197647e-05
571	32	5.65125145955e-05
572	7	7.02208488003e-05
573	4	5.6641608624e-05
574	4	6.05056569594e-05
575	1	5.31976113048e-05
576	36	8.25142473416e-05
577	21	6.71327679889e-05
578	1	5.31976113048e-05
579	1	5.31976113048e-05
580	2	5.58024588705e-05
581	25	6.32287697598e-05
582	14	6.7499106886e-05
583	1	6.1931145725e-05
584	1	6.1931145725e-05
585	2	6.36349259142e-05
586	2	5.43226836904e-05
587	1	5.27737344426e-05
588	1	5.27737344426e-05
589	95	0.00014537923811
590	1	5.27737344426e-05
591	1	5.26072679569e-05
592	1	5.26072679569e-05
593	39	5.79427089651e-05
594	16	0.000123666934102
595	6	9.16769701416e-05
596	13	9.1131808587e-05
597	8	6.5462821466e-05
598	1	5.23538158164e-05
599	9	5.23538158164e-05
600	65	0.000236391288732
601	56	0.000112103566891
602	26	5.85573006294e-05
603	22	5.9571318517e-05
604	24	5.84211775906e-05
605	30	7.83328929307e-05
606	32	7.16390350252e-05
607	25	7.02217314832e-05
608	57	0.000105214535175
609	25	0.000115332696883
610	59	0.000211617274911
611	62	0.000435333441088
612	42	8.16422606428e-05
613	53	6.35959420748e-05
614	29	0.00014766241762
615	33	0.000161783878085
616	37	0.000105613635721
617	36	0.000153453846119
618	27	8.93583673299e-05
619	38	7.00385724146e-05
620	30	0.000117376955419
621	47	0.000128822916668
622	35	5.53722753081e-05
623	48	0.000105607872312
624	28	7.20393996175e-05
625	21	9.13369862751e-05
626	23	6.0502231982e-05
627	26	7.21279908465e-05
628	55	5.53123186135e-05
629	32	5.31131534196e-05
630	1	6.38973508555e-05
631	3	7.02335914548e-05
632	3	7.09053166695e-05
633	2	6.1980413873e-05
634	1	5.65483169914e-05
635	1	5.64178208788e-05
636	8	7.52609499864e-05
637	1	5.64178208788e-05
638	1	5.64178208788e-05
639	2	5.69266378367e-05
640	3	6.09414206696e-05
641	1	5.64178208788e-05
642	1	5.64178208788e-05
643	1	5.64178208788e-05
644	1	5.64178208788e-05
645	5	6.55879012231e-05
646	1	5.64178208788e-05
647	6	6.56891135243e-05
648	4	6.25245854883e-05
649	1	5.64178208788e-05
650	3	6.71544159542e-05
651	1	5.64178208788e-05
652	6	6.67775425578e-05
653	7	6.52818483145e-05
654	3	5.8725630256e-05
655	1	5.33680899672e-05
656	2	5.44547619391e-05
657	6	7.60409572508e-05
658	3	6.46123140154e-05
659	2	5.50740267731e-05
660	1	5.33680899672e-05
661	1	5.33680899672e-05
662	3	5.94955011743e-05
663	1	5.33680899672e-05
664	1	5.33680899672e-05
665	1	5.33680899672e-05
666	1	5.33680899672e-05
667	1	5.33680899672e-05
668	1	5.33680899672e-05
669	1	5.33680899672e-05
670	1	5.33680899672e-05
671	2	5.42622837662e-05
672	1	5.33680899672e-05
673	1	5.33680899672e-05
674	2	5.59232783605e-05
675	1	5.33680899672e-05
676	1	5.33680899672e-05
677	1	5.33680899672e-05
678	1	5.33680899672e-05
679	1	5.33680899672e-05
680	1	5.33680899672e-05
681	1	5.30597397953e-05
682	3	5.78505615778e-05
683	1	5.30597397953e-05
684	2	5.47656766012e-05
685	1	5.30597397953e-05
686	1	5.30597397953e-05
687	1	5.30597397953e-05
688	2	5.38854644367e-05
689	2	5.64657842244e-05
690	1	5.30597397953e-05
691	4	6.09625980218e-05
692	2	5.64657842244e-05
693	2	5.47671759152e-05
694	2	5.47671759152e-05
695	1	5.30597397953e-05
696	1	5.30597397953e-05
697	1	5.30597397953e-05
698	5	6.6726158729e-05
699	1	5.37988176949e-05
700	1	5.37988176949e-05
701	1	5.37988176949e-05
702	1	5.37988176949e-05
703	5	8.26337111891e-05
704	4	7.12511921418e-05
705	1	5.37988176949e-05
706	1	5.37988176949e-05
707	1	5.37988176949e-05
708	4	5.94546900838e-05
709	2	5.49489586213e-05
710	5	6.29294869076e-05
711	1	5.37988176949e-05
712	4	6.43376766617e-05
713	4	7.1914147413e-05
714	13	6.64886294684e-05
715	1	5.33503933968e-05
716	2	5.39459470068e-05
717	1	5.33503933968e-05
718	72	0.000245468018187
719	82	0.000236062506784
720	14	9.54146610465e-05
721	5	6.65967160652e-05
722	6	6.55289649087e-05
723	10	7.42372002365e-05
724	2	5.40546337095e-05
725	5	6.20133586177e-05
726	4	6.00161026088e-05
727	8	7.02169083547e-05
728	16	6.05365485737e-05
729	3	5.53382618139e-05
730	19	5.78389580272e-05
731	4	5.93642352089e-05
732	4	5.93642352089e-05
733	8	6.97930416732e-05
734	6	7.85214313481e-05
735	4	5.95645640849e-05
736	6	6.23174461727e-05
737	9	7.22391699282e-05
738	39	0.000110027191872
739	3	5.77697779225e-05
740	88	5.88541899263e-05
741	2	5.66196369961e-05
742	2	5.85090131831e-05
743	27	8.88871481503e-05
744	10	7.41397165044e-05
745	2	5.85090131831e-05
746	10	9.29558736418e-05
747	10	8.34301829596e-05
748	13	8.85874185287e-05
749	2	5.65977006292e-05
750	26	0.000117315401468
751	2	5.5288992252e-05
752	30	7.0280408507e-05
753	5	6.38778387601e-05
754	3	5.71823840258e-05
755	2	5.62782403079e-05
756	1	5.36332702531e-05
757	6	6.48815212901e-05
758	1	5.36332702531e-05
759	3	5.66668177957e-05
760	2	5.62782403079e-05
761	24	6.22345051259e-05
762	3	5.80759276108e-05
763	16	0.000113318533218
764	7	7.03590748809e-05
765	12	8.83101817751e-05
766	1	5.47162810722e-05
767	1	5.47162810722e-05
768	1	5.47162810722e-05
769	9	0.000103875612726
770	3	6.22349369026e-05
771	15	6.49810485249e-05
772	8	7.65699431194e-05
773	6	6.13768901761e-05
774	1	5.3115127822e-05
775	6	6.34468511988e-05
776	4	6.09068198885e-05
777	2	5.89272131116e-05
778	2	5.43987559265e-05
779	25	7.48836662739e-05
780	2	5.43987559265e-05
781	1	5.3115127822e-05
782	1	5.3115127822e-05
783	1	5.3115127822e-05
784	2	5.43987559265e-05
785	1	5.3115127822e-05
786	2	5.92280689805e-05
787	1	5.3115127822e-05
788	6	6.24086325047e-05
789	3	6.30867257261e-05
790	3	6.92210813898e-05
791	5	7.46065738846e-05
792	7	0.000119766708415
793	10	0.000121071823181
794	11	0.000109464816962
795	2	5.80834026094e-05
796	6	7.62243015802e-05
797	3	7.24339223922e-05
798	4	7.09831606999e-05
799	5	0.000129012134211
800	6	0.000141086370655
801	2	5.82758807822e-05
802	2	6.03645047924e-05
803	1	5.71892088103e-05
804	3	5.91700745813e-05
805	1	5.71892088103e-05
806	1	5.71892088103e-05
807	1	5.71892088103e-05
808	10	9.21911062409e-05
809	4	6.25696131076e-05
810	4	6.51717816281e-05
811	11	0.000169061995159
812	19	0.000182688222352
813	3	5.76762663672e-05
814	70	0.000140220820319
815	2	5.73177575419e-05
816	3	5.6329293097e-05
817	2	5.476980364e-05
818	4	5.80461164153e-05
819	6	6.248876181e-05
820	2	5.476980364e-05
821	3	5.59199445664e-05
822	2	5.42031212481e-05
823	2	5.476980364e-05
824	25	6.5133024072e-05
825	4	5.78001192067e-05
826	1	5.32989775302e-05
827	5	6.30813256576e-05
828	4	5.71513094364e-05
829	2	5.46660537953e-05
830	1	5.21358649237e-05
831	1	5.21358649237e-05
832	5	6.60877481126e-05
833	1	5.21358649237e-05
834	3	5.49305837276e-05
835	2	5.27314185337e-05
836	1	5.21358649237e-05
837	3	5.75925477492e-05
838	2	5.27314185337e-05
839	2	5.43181092304e-05
840	4	7.02298666179e-05
841	2	5.36066910334e-05
842	5	5.81105592712e-05
843	1	5.21358649237e-05
844	1	5.21358649237e-05
845	1	5.21358649237e-05
846	1	5.21358649237e-05
847	1	5.21358649237e-05
848	3	5.66415963861e-05
849	6	9.97422985506e-05
850	29	0.000142024780499
851	1	5.62669304481e-05
852	3	5.92972460149e-05
853	4	6.07680721247e-05
854	33	0.000113466607987
855	4	6.07680721247e-05
856	4	6.07680721247e-05
857	24	9.54346825332e-05
858	66	0.000106781444311
859	2	5.4016039564e-05
860	2	5.62073022202e-05
861	2	5.62073022202e-05
862	1	6.34570485237e-05
863	1	5.55482130237e-05
864	7	6.86102697579e-05
865	2	5.52563447636e-05
866	3	6.0053653626e-05
867	2	5.52563447636e-05
868	4	5.76340411524e-05
869	2	5.52563447636e-05
870	44	9.22284301424e-05
871	65	5.62802955651e-05
872	1	5.40811303712e-05
873	3	6.5557374178e-05
874	6	6.37724917732e-05
875	7	6.81077830698e-05
876	26	7.77231366645e-05
877	14	7.73778710957e-05
878	13	8.34874482923e-05
879	2	5.73366511209e-05
880	3	6.57997743935e-05
881	1	5.45876946286e-05
882	3	5.7202152912e-05
883	35	6.99468637528e-05
884	38	7.7020328784e-05
885	31	7.27542624491e-05
886	23	6.68066119696e-05
887	16	5.95921235818e-05
888	4	7.34078244684e-05
889	1	5.43917684264e-05
890	1	5.43917684264e-05
891	23	0.000125113385804
892	22	0.000100992522802
893	17	8.10935603467e-05
894	47	7.00984199813e-05
895	18	5.7900062522e-05
896	8	5.91128452814e-05
897	12	8.18757542524e-05
898	1	5.18898677151e-05
899	1	5.18898677151e-05
900	1	5.18898677151e-05
901	1	5.18898677151e-05
902	1	5.18898677151e-05
903	1	5.18898677151e-05
904	1	5.18898677151e-05
905	1	5.18898677151e-05
906	3	5.57435437713e-05
907	10	0.000101570593077
908	24	7.85351892014e-05
909	10	6.40786360856e-05
910	7	6.40786360856e-05
911	2	6.18201903467e-05
912	2	0.000114367352141
913	21	5.09857239973e-05
914	7	8.72495327666e-05
915	8	9.55854335603e-05
916	14	9.50875794295e-05
917	29	9.94851448148e-05
918	6	5.63722513991e-05
919	47	0.000105076414601
920	10	5.48531125571e-05
921	15	6.82713225158e-05
922	12	5.30494318734e-05
923	23	7.036558987e-05
924	10	6.37091293963e-05
925	26	5.30494318734e-05
926	36	6.26728978961e-05
927	43	6.33531390084e-05
928	22	6.69042589934e-05
929	13	6.20063461776e-05
930	8	6.20063461776e-05
931	16	5.30494318734e-05
932	12	5.71487061545e-05
933	12	5.30494318734e-05
934	22	0.000255039669336
935	2	0.000145704092056
936	2	6.77792847651e-05
937	1	6.44564652393e-05
938	1	6.44564652393e-05
939	4	8.68876108447e-05
940	2	7.27205143834e-05
941	4	7.6188943919e-05
942	10	0.000100156296121
943	17	8.95881816959e-05
944	37	9.02556732841e-05
945	2	7.00940500769e-05
946	3	6.79523958016e-05
947	4	7.61728329427e-05
948	3	6.80913276334e-05
949	1	5.40655500678e-05
950	3	5.78892283595e-05
951	5	6.61273385543e-05
952	2	5.57271776301e-05
953	9	7.86525606476e-05
954	25	7.9457498574e-05
955	11	7.79443553701e-05
956	1	5.40655500678e-05
957	1	5.40655500678e-05
958	2	5.54826597616e-05
959	37	8.63935333066e-05
960	1	5.40655500678e-05
961	9	8.1814412795e-05
962	8	6.89680716418e-05
963	1	5.40655500678e-05
964	2	5.54826597616e-05
965	63	0.00010559162504
966	1	5.68138672065e-05
967	2	6.02595496321e-05
968	2	5.99043008761e-05
969	7	7.459126719e-05
970	1	5.50849982784e-05
971	1	5.50849982784e-05
972	1	5.50849982784e-05
973	1	5.50849982784e-05
974	1	5.50849982784e-05
975	1	5.50849982784e-05
976	1	5.50849982784e-05
977	1	5.50849982784e-05
978	1	5.50849982784e-05
979	1	5.50849982784e-05
980	1	5.50849982784e-05
981	3	5.79932899829e-05
982	3	5.73904020688e-05
983	2	6.3017318476e-05
984	1	6.00111840032e-05
985	5	6.93759623093e-05
986	13	6.25395210149e-05
987	1	5.2789404681e-05
988	1	5.2789404681e-05
989	2	6.33304835312e-05
990	1	5.2789404681e-05
991	1	5.2789404681e-05
992	11	7.58668418606e-05
993	4	5.94255519956e-05
994	1	5.2789404681e-05
995	1	5.26504728492e-05
996	1	5.26504728492e-05
997	1	5.26504728492e-05
998	1	5.26504728492e-05
999	1	5.26504728492e-05
1000	1	5.26504728492e-05
1001	5	6.48211900483e-05
1002	1	5.26504728492e-05
1003	1	5.26504728492e-05
1004	1	5.26504728492e-05
1005	1	5.26504728492e-05
1006	1	5.26504728492e-05
1007	1	5.26504728492e-05
1008	1	5.26504728492e-05
1009	48	8.07999041852e-05
1010	1	5.26504728492e-05
1011	2	5.75081128723e-05
1012	3	5.80850615751e-05
1013	1	5.24028336911e-05
1014	3	5.74454328792e-05
1015	1	5.24028336911e-05
1016	3	5.9473338383e-05
1017	1	5.24028336911e-05
1018	2	5.38911441102e-05
1019	5	6.22549618479e-05
1020	2	5.38325080278e-05
1021	1	5.24028336911e-05
1022	6	6.39288690781e-05
1023	5	6.28338130176e-05
1024	10	7.66408289643e-05
1025	7	6.77248857365e-05
1026	3	5.89318716195e-05
1027	4	5.9818844717e-05
1028	9	7.20337407228e-05
1029	2	5.47407373685e-05
1030	11	7.78242124518e-05
1031	27	7.32446054774e-05
1032	1	5.24028336911e-05
1033	69	7.20365467881e-05
1034	2	5.63846377747e-05
1035	2	5.57618329996e-05
1036	2	5.59571224601e-05
1037	1	5.45400127663e-05
1038	2	6.50810916164e-05
1039	2	5.87806691966e-05
1040	2	5.79178909846e-05
1041	1	5.39918584701e-05
1042	6	6.51360465783e-05
1043	6	6.35265287599e-05
1044	1	5.39918584701e-05
1045	1	5.39918584701e-05
1046	1	5.39918584701e-05
1047	1	5.58433640204e-05
1048	1	5.58433640204e-05
1049	2	5.84785416283e-05
1050	1	5.58433640204e-05
1051	1	5.58433640204e-05
1052	1	5.58433640204e-05
1053	2	6.68729477175e-05
1054	1	5.09857239973e-05
1055	4	9.4323589395e-05
1056	1	7.77107409925e-05
1057	1	7.77107409925e-05
1058	1	7.77107409925e-05
1059	4	5.09857239973e-05
1060	3	6.77395655667e-05
1061	10	0.000117704550023
1062	23	6.51043879589e-05
1063	17	6.18201903467e-05
1064	7	0.000147490200643
1065	4	0.000133023397522
1066	1	5.36209016051e-05
1067	5	8.24712029814e-05
1068	7	8.92222298099e-05
1069	2	5.69050992173e-05
1070	3	5.95938512671e-05
1071	3	5.70990112448e-05
1072	1	5.36209016051e-05
1073	1	5.36209016051e-05
1074	1	5.36209016051e-05
1075	1	5.36209016051e-05
1076	1	5.36209016051e-05
1077	1	5.36209016051e-05
1078	1	5.36209016051e-05
1079	1	5.36209016051e-05
1080	1	5.36209016051e-05
1081	1	5.42699216094e-05
1082	1	5.42699216094e-05
1083	1	5.42699216094e-05
1084	1	5.42699216094e-05
1085	3	5.99333920283e-05
1086	1	5.42699216094e-05
1087	1	5.42699216094e-05
1088	1	5.42699216094e-05
1089	1	5.42699216094e-05
1090	2	5.75509254618e-05
1091	6	5.09857239973e-05
1092	1	5.82087015636e-05
1093	1	5.82087015636e-05
1094	3	0.000106449162984
1095	5	8.29473997281e-05
1096	3	5.82087015636e-05
1097	1	5.93600437961e-05
1098	1	5.93600437961e-05
1099	1	5.93600437961e-05
1100	1	5.93600437961e-05
1101	1	5.93600437961e-05
1102	1	5.93600437961e-05
1103	1	7.44874872536e-05
1104	1	7.44874872536e-05
1105	1	5.09857239973e-05
1106	1	9.4323589395e-05
1107	5	5.09857239973e-05
1108	5	6.2822378484e-05
1109	17	5.96532970768e-05
1110	27	6.03575373895e-05
1111	73	5.96532970768e-05
1112	1	5.41653731221e-05
1113	1	5.41653731221e-05
1114	2	5.47033166471e-05
1115	1	5.41653731221e-05
1116	2	6.11597472625e-05
1117	1	5.41548054045e-05
1118	2	5.67326373515e-05
1119	1	5.41548054045e-05
1120	1	5.41548054045e-05
1121	2	5.61697915468e-05
1122	2	5.76301688412e-05
1123	1	5.41548054045e-05
1124	2	5.64868149979e-05
1125	2	5.64868149979e-05
1126	1	5.41548054045e-05
1127	14	0.000120500927576
1128	7	6.3906229201e-05
1129	2	5.37421205812e-05
1130	4	5.56806118759e-05
1131	3	5.42509375392e-05
1132	4	6.0844131415e-05
1133	2	5.37421205812e-05
1134	2	5.37421205812e-05
1135	4	5.90002392513e-05
1136	8	7.49267256224e-05
1137	2	5.37421205812e-05
1138	13	8.09066084925e-05
1139	4	5.96740105476e-05
1140	2	5.37421205812e-05
1141	1	5.168996431e-05
1142	1	5.168996431e-05
1143	1	5.168996431e-05
1144	2	5.63678051049e-05
1145	26	0.000109324958617
1146	3	5.45917822885e-05
1147	7	6.83770932686e-05
1148	5	6.79442108127e-05
1149	1	5.168996431e-05
1150	1	5.168996431e-05
1151	2	5.2227907835e-05
1152	11	7.3661998517e-05
1153	6	6.45986860101e-05
1154	3	5.5053199346e-05
1155	6	6.82823408724e-05
1156	2	5.25438249164e-05
1157	2	5.25438249164e-05
1158	6	6.21929120408e-05
1159	3	5.57365546213e-05
1160	2	5.25438249164e-05
1161	6	6.1937360068e-05
1162	2	5.29735924145e-05
1163	2	5.29735924145e-05
1164	1	5.168996431e-05
1165	4	5.80876291819e-05
1166	1	5.168996431e-05
1167	2	5.44387085505e-05
1168	1	5.168996431e-05
1169	1	5.168996431e-05
1170	1	5.168996431e-05
1171	1	5.168996431e-05
1172	1	5.168996431e-05
1173	20	5.09857239973e-05
1174	25	6.84576561554e-05
1175	18	6.79127220975e-05
1176	25	5.76143546337e-05
1177	129	7.24315796648e-05
1178	46	6.55968143323e-05
1179	19	5.31526172672e-05
1180	20	6.53146892582e-05
1181	20	5.57917207437e-05
1182	41	6.03310231285e-05
1183	25	9.32507822719e-05
1184	28	5.96239807023e-05
1185	6	6.51503766359e-05
1186	34	6.5948619526e-05
1187	1	6.28488126527e-05
1188	1	6.28488126527e-05
1189	2	7.46367620918e-05
1190	2	6.03117840019e-05
1191	2	6.03117840019e-05
1192	11	0.000128971364041
1193	6	6.68099513455e-05
1194	8	7.18183604918e-05
1195	2	5.49174237661e-05
1196	3	5.72329659143e-05
1197	6	6.52936254284e-05
1198	7	7.34317191451e-05
1199	3	5.70378900025e-05
1200	4	6.32569426033e-05
1201	4	6.32569426033e-05
1202	4	5.86791076962e-05
1203	5	6.4546867548e-05
1204	1	5.67583053905e-05
1205	3	6.57325659877e-05
1206	1	5.67583053905e-05
1207	10	7.57141108849e-05
1208	4	5.73142550962e-05
1209	7	6.2671593934e-05
1210	6	6.49047799209e-05
1211	5	6.23947952166e-05
1212	1	5.33177335907e-05
1213	3	5.63164333885e-05
1214	3	7.88904403601e-05
1215	1	5.14945409552e-05
1216	3	5.50020926096e-05
1217	1	5.14945409552e-05
1218	4	5.63352616963e-05
1219	2	5.6605257787e-05
1220	2	5.29242152919e-05
1221	3	5.58706036579e-05
1222	1	5.14945409552e-05
1223	7	6.97383044689e-05
1224	7	6.74644602277e-05
1225	9	7.06834225916e-05
1226	1	5.14945409552e-05
1227	1	5.14945409552e-05
1228	3	5.4968222041e-05
1229	7	6.33682363125e-05
1230	3	5.95840065771e-05
1231	9	7.29850101397e-05
1232	4	5.82858184538e-05
1233	1	5.14945409552e-05
1234	4	5.82858184538e-05
1235	2	5.36541761896e-05
1236	2	5.29604753149e-05
1237	2	5.56662864784e-05
1238	3	5.46316514118e-05
1239	1	5.14945409552e-05
1240	5	5.83644731971e-05
1241	4	5.80241891338e-05
1242	4	5.68985388374e-05
1243	10	7.81356671304e-05
1244	1	5.14945409552e-05
1245	1	5.14945409552e-05
1246	6	5.89024167221e-05
1247	3	5.62258091803e-05
1248	5	5.83644731971e-05
1249	1	5.14945409552e-05
1250	1	5.14945409552e-05
1251	1	5.14945409552e-05
1252	1	5.14945409552e-05
1253	5	6.31720695942e-05
1254	1	5.14945409552e-05
1255	1	5.14945409552e-05
1256	2	5.36150071917e-05
1257	2	5.29604753149e-05
1258	1	5.14945409552e-05
1259	2	5.46698369373e-05
1260	2	5.27476614671e-05
1261	1	5.14945409552e-05
1262	2	5.56662864784e-05
1263	1	5.14945409552e-05
1264	2	5.53909491548e-05
1265	1	5.14945409552e-05
1266	1	5.14945409552e-05
1267	1	5.14945409552e-05
1268	1	5.14945409552e-05
1269	10	7.35885114832e-05
1270	10	7.35885114832e-05
1271	6	7.26698395372e-05
1272	2	5.38100831034e-05
1273	2	5.29242152919e-05
1274	2	5.36541761896e-05
1275	1	5.76455152825e-05
1276	7	7.41509525721e-05
1277	3	6.26240055849e-05
1278	2	5.92931466478e-05
1279	3	6.18031313521e-05
1280	1	5.76455152825e-05
1281	2	6.03888104266e-05
1282	4	6.32155731369e-05
1283	41	8.63173110429e-05
1284	4	6.74209273971e-05
1285	5	6.45715999299e-05
1286	4	6.28415998637e-05
1287	5	6.51314895797e-05
1288	4	6.30251928997e-05
1289	2	5.86334028337e-05
1290	3	6.10174461736e-05
1291	4	6.31237428536e-05
1292	6	6.69539634762e-05
1293	2	5.9237527189e-05
1294	1	5.68534838491e-05
1295	2	5.9237527189e-05
1296	6	6.6987820687e-05
1297	2	5.9237527189e-05
1298	1	5.68534838491e-05
1299	1	5.68534838491e-05
1300	1	5.68534838491e-05
1301	2	5.82831581858e-05
1302	2	5.96868677689e-05
1303	16	9.97388064143e-05
1304	3	5.95362786977e-05
1305	4	6.10825774199e-05
1306	1	5.68534838491e-05
1307	1	5.2415398334e-05
1308	1	5.2415398334e-05
1309	2	5.50127681864e-05
1310	1	5.2415398334e-05
1311	1	5.2415398334e-05
1312	1	5.2415398334e-05
1313	10	7.41213224186e-05
1314	2	6.76271616494e-05
1315	1	5.34957087016e-05
1316	2	5.40336522266e-05
1317	3	5.98652430122e-05
1318	1	5.49512587036e-05
1319	1	5.49512587036e-05
1320	1	5.49512587036e-05
1321	1	5.49512587036e-05
1322	1	5.49512587036e-05
1323	1	5.49512587036e-05
1324	1	5.37753100533e-05
1325	2	5.60908522015e-05
1326	5	6.28154577092e-05
1327	5	6.33274615783e-05
1328	4	6.1310192854e-05
1329	7	6.89517823087e-05
1330	4	5.95310199369e-05
1331	2	5.40193383272e-05
1332	6	6.55788204638e-05
1333	6	6.51070567426e-05
1334	22	6.7999979113e-05
1335	5	6.11547735894e-05
1336	4	5.89978286296e-05
1337	3	5.68861459796e-05
1338	5	6.28886841968e-05
1339	3	5.61310209773e-05
1340	3	5.61310209773e-05
1341	1	5.23717069619e-05
1342	3	5.61310209773e-05
1343	1	5.46479542734e-05
1344	1	5.51574695204e-05
1345	1	5.51574695204e-05
1346	1	5.51574695204e-05
1347	1	5.51574695204e-05
1348	2	5.72637662004e-05
1349	1	5.51574695204e-05
1350	1	5.30974066474e-05
1351	1	5.30974066474e-05
1352	1	5.30974066474e-05
1353	2	5.62727026294e-05
1354	1	5.30974066474e-05
1355	3	5.66135822326e-05
1356	1	5.26333553626e-05
1357	1	5.26333553626e-05
1358	1	5.26333553626e-05
1359	1	5.26333553626e-05
1360	4	6.44032820727e-05
1361	2	5.45018995825e-05
1362	2	5.82808209473e-05
1363	2	5.82808209473e-05
1364	1	5.26333553626e-05
1365	2	5.45018995825e-05
1366	10	7.39479069538e-05
1367	2	5.45018995825e-05
1368	34	7.32318478146e-05
1369	6	7.03926132146e-05
1370	1	5.26333553626e-05
1371	1	5.26333553626e-05
1372	4	6.16282598077e-05
1373	26	7.78171113215e-05
1374	30	7.41997274509e-05
1375	20	7.26696759419e-05
1376	2	5.55804592808e-05
1377	2	5.45018995825e-05
1378	2	5.55804592808e-05
1379	4	5.97255091343e-05
1380	1	5.26333553626e-05
1381	4	6.23339053192e-05
1382	2	5.55804592808e-05
1383	6	6.77509348385e-05
1384	2	5.71313004835e-05
1385	7	7.06761065107e-05
1386	3	5.83747334132e-05
1387	27	7.45363319585e-05
1388	10	5.09857239973e-05
1389	1	5.5319510537e-05
1390	4	7.27726287709e-05
1391	3	6.9130507576e-05
1392	11	6.9382538138e-05
1393	9	6.9382538138e-05
1394	4	7.72194687974e-05
1395	7	5.93013146206e-05
1396	7	5.5319510537e-05
1397	14	5.62137043361e-05
1398	2	0.000120214353501
1399	1	7.85347297709e-05
1400	2	7.96340825317e-05
1401	3	7.82680351865e-05
1402	1	5.83576187138e-05
1403	1	5.83576187138e-05
1404	1	5.83576187138e-05
1405	3	7.21686157527e-05
1406	1	5.83576187138e-05
1407	1	6.08149169526e-05
1408	1	6.08149169526e-05
1409	2	6.47967210362e-05
1410	1	5.88226546567e-05
1411	2	6.08426522647e-05
1412	1	5.88226546567e-05
1413	1	5.88226546567e-05
1414	1	5.49675280809e-05
1415	1	5.49675280809e-05
1416	12	5.17450616005e-05
1417	22	5.90774538142e-05
1418	3	5.4984206168e-05
1419	1	5.57046313102e-05
1420	15	6.77150844697e-05
1421	2	7.35081504074e-05
1422	2	6.55980574663e-05
1423	1	5.87897002744e-05
1424	35	6.74641475226e-05
1425	21	5.45348304523e-05
1426	22	7.75291461373e-05
1427	8	5.09857239973e-05
1428	1	5.6402957172e-05
1429	5	8.73927213691e-05
1430	7	7.20764712323e-05
1431	14	5.6402957172e-05
1432	2	5.6402957172e-05
1433	5	5.6402957172e-05
1434	2	8.03742139701e-05
1435	3	5.6402957172e-05
1436	2	0.000128957422822
1437	3	8.19754881944e-05
1438	2	6.99898597954e-05
1439	2	6.99898597954e-05
1440	1	5.46736096585e-05
1441	1	5.46736096585e-05
1442	1	5.46736096585e-05
1443	1	5.46736096585e-05
1444	1	5.46736096585e-05
1445	1	5.46736096585e-05
1446	1	5.46736096585e-05
1447	1	9.89282375935e-05
1448	1	6.29713523963e-05
1449	1	7.49569807954e-05
1450	1	5.09857239973e-05
1451	4	9.4323589395e-05
1452	2	8.08030782631e-05
1453	1	7.77107409925e-05
1454	1	7.77107409925e-05
1455	19	5.09857239973e-05
1456	6	7.40213052101e-05
1457	4	5.95869588701e-05
1458	14	5.32666642814e-05
1459	15	5.59299974954e-05
1460	18	5.32666642814e-05
1461	3	9.73243730923e-05
1462	1	8.24475217287e-05
1463	1	6.51171769451e-05
1464	1	6.51171769451e-05
1465	1	6.51171769451e-05
1466	2	6.87345608158e-05
1467	31	9.30763121056e-05
1468	10	7.61178826721e-05
1469	1	6.01070408195e-05
1470	3	6.31994124789e-05
1471	6	7.21703290385e-05
1472	2	6.27563188715e-05
1473	12	0.000137015424438
1474	8	7.661445569e-05
1475	30	7.00010556459e-05
1476	1	5.36744760471e-05
1477	1	5.36744760471e-05
1478	14	6.96266738825e-05
1479	1	5.49639419233e-05
1480	3	5.87015177379e-05
1481	4	6.3929206567e-05
1482	1	0.000101634639037
1483	1	5.67978092869e-05
1484	1	5.67978092869e-05
1485	1	5.36306940521e-05
1486	1	5.36306940521e-05
1487	4	5.94861078725e-05
1488	1	5.36306940521e-05
1489	2	5.55791752175e-05
1490	4	5.92632170419e-05
1491	2	6.11344118976e-05
1492	1	5.43260547056e-05
1493	2	5.75827157423e-05
1494	1	5.43260547056e-05
1495	1	5.43260547056e-05
1496	2	5.58538410172e-05
1497	1	5.43260547056e-05
1498	13	7.67385136361e-05
1499	6	6.87100268008e-05
1500	2	5.67559913518e-05
1501	1	5.48821321969e-05
1502	1	5.48821321969e-05
1503	1	5.48821321969e-05
1504	1	5.48821321969e-05
1505	1	5.48821321969e-05
1506	2	6.01160099388e-05
1507	1	5.44685443541e-05
1508	1	5.44685443541e-05
1509	1	5.44685443541e-05
1510	1	5.44685443541e-05
1511	1	5.44685443541e-05
1512	1	5.44685443541e-05
1513	1	5.44685443541e-05
1514	1	5.44685443541e-05
1515	1	5.44685443541e-05
1516	6	6.08182556577e-05
1517	1	5.4642685372e-05
1518	2	5.78679327444e-05
1519	1	5.36490572113e-05
1520	1	5.36490572113e-05
1521	1	5.4454133332e-05
1522	10	5.09857239973e-05
1523	7	0.000108325513654
1524	12	0.000100767488575
1525	5	6.20368796737e-05
1526	12	6.98738103331e-05
1527	7	5.5319510537e-05
1528	8	5.5319510537e-05
1529	6	5.5319510537e-05
1530	8	5.5319510537e-05
1531	1	0.000143062410603
1532	2	7.18603114103e-05
1533	2	7.18603114103e-05
1534	2	7.18603114103e-05
1535	1	5.75849171954e-05
1536	1	5.77030931339e-05
1537	1	6.03900407886e-05
1538	1	6.03900407886e-05
1539	1	6.03900407886e-05
1540	1	6.03900407886e-05
1541	1	5.77030931339e-05
1542	1	5.77030931339e-05
1543	1	5.77030931339e-05
1544	1	5.77030931339e-05
1545	19	5.17450616005e-05
1546	26	7.40575075034e-05
1547	48	7.42856107854e-05
1548	26	7.07063769336e-05
1549	30	6.07114932227e-05
1550	34	6.297686712e-05
1551	43	5.42549655208e-05
1552	56	5.34292408794e-05
1553	24	5.45159128513e-05
1554	15	6.23770545296e-05
1555	14	5.58945152886e-05
1556	29	5.41885784826e-05
1557	4	6.0577822842e-05
1558	3	6.19307337176e-05
1559	1	5.49200437034e-05
1560	4	6.12563547851e-05
1561	3	6.14816444777e-05
1562	5	6.31235217589e-05
1563	5	6.02479431232e-05
1564	10	6.93906279864e-05
1565	4	5.80021170718e-05
1566	4	5.80021170718e-05
1567	4	5.95133473632e-05
1568	1	5.26474018206e-05
1569	1	5.45210505748e-05
1570	2	5.50589940998e-05
1571	4	6.01449591447e-05
1572	1	5.31359514814e-05
1573	1	5.31359514814e-05
1574	2	5.42607495616e-05
1575	5	6.09699413271e-05
1576	2	5.4915870466e-05
1577	2	5.51436982075e-05
1578	6	6.17348509074e-05
1579	2	5.5171733894e-05
1580	1	5.28315978284e-05
1581	5	5.94906907767e-05
1582	2	5.52811818212e-05
1583	2	5.36573224698e-05
1584	1	5.21105220775e-05
1585	5	5.94247359303e-05
1586	2	5.29362467189e-05
1587	2	5.29362467189e-05
1588	2	5.29362467189e-05
1589	1	5.21105220775e-05
1590	1	5.21105220775e-05
1591	1	5.21105220775e-05
1592	6	6.42485293822e-05
1593	1	5.21105220775e-05
1594	1	5.18114486387e-05
1595	1	5.18114486387e-05
1596	4	5.72617624572e-05
1597	2	5.30645691506e-05
1598	1	5.18114486387e-05
1599	1	5.18114486387e-05
1600	1	5.18114486387e-05
1601	1	5.18114486387e-05
1602	1	5.18114486387e-05
1603	1	5.18114486387e-05
1604	1	5.18114486387e-05
1605	1	5.18114486387e-05
1606	1	5.18114486387e-05
1607	1	5.18114486387e-05
1608	1	5.18114486387e-05
1609	1	5.18114486387e-05
1610	25	6.05191338675e-05
1611	1	5.18114486387e-05
1612	1	5.18114486387e-05
1613	1	5.18114486387e-05
1614	2	5.28671566524e-05
1615	2	5.50041783436e-05
1616	1	5.18114486387e-05
1617	1	5.18114486387e-05
1618	1	5.18114486387e-05
1619	1	5.18114486387e-05
1620	1	5.18114486387e-05
1621	3	5.46579972794e-05
1622	3	5.57053054015e-05
1623	5	6.1087883418e-05
1624	1	5.30920206773e-05
1625	1	5.30920206773e-05
1626	1	5.30920206773e-05
1627	44	5.49981696104e-05
1628	1	5.30920206773e-05
1629	2	5.41786926492e-05
1630	1	5.30920206773e-05
1631	1	5.7878681896e-05
1632	2	6.0352254147e-05
1633	3	5.96930103413e-05
1634	1	5.26916608032e-05
1635	1	5.26916608032e-05
1636	4	5.78692286494e-05
1637	9	5.09857239973e-05
1638	12	5.58010423748e-05
1639	8	6.93915775198e-05
1640	5	7.00549465551e-05
1641	9	7.01788348902e-05
1642	13	8.28955247006e-05
1643	37	7.49081729996e-05
1644	9	6.71920363797e-05
1645	10	6.37614707975e-05
1646	14	5.58010423748e-05
1647	3	9.50129891077e-05
1648	4	7.49786985953e-05
1649	4	6.85613345026e-05
1650	3	6.08188701915e-05
1651	4	7.44316766293e-05
1652	3	6.08188701915e-05
1653	1	6.27822956333e-05
1654	3	7.45970188562e-05
1655	2	7.27243010846e-05
1656	5	8.44512283322e-05
1657	1	6.27822956333e-05
1658	2	8.26318026989e-05
1659	3	9.86791131587e-05
1660	2	6.29243355552e-05
1661	3	7.83129539153e-05
1662	2	6.29243355552e-05
1663	3	6.6572865249e-05
1664	4	8.01856716868e-05
1665	1	5.28584417688e-05
1666	1	5.28584417688e-05
1667	1	5.28584417688e-05
1668	3	8.82744055835e-05
1669	1	5.28584417688e-05
1670	6	7.72276662207e-05
1671	1	5.28584417688e-05
1672	1	5.28584417688e-05
1673	6	6.36929081182e-05
1674	1	5.28584417688e-05
1675	1	5.28584417688e-05
1676	1	5.28584417688e-05
1677	1	5.28584417688e-05
1678	4	0.0001221704295
1679	1	5.28584417688e-05
1680	1	5.28584417688e-05
1681	1	5.28584417688e-05
1682	1	5.28584417688e-05
1683	1	5.28584417688e-05
1684	1	5.28584417688e-05
1685	1	5.28584417688e-05
1686	3	9.59205596324e-05
1687	1	6.05045958177e-05
1688	1	5.4634253691e-05
1689	1	5.4634253691e-05
1690	1	5.4634253691e-05
1691	1	5.4634253691e-05
1692	1	5.4634253691e-05
1693	1	5.09857239973e-05
1694	1	9.4323589395e-05
1695	15	5.09857239973e-05
1696	14	6.14385041355e-05
1697	7	6.43843473827e-05
1698	10	0.000121126194418
1699	11	8.32306482113e-05
1700	13	6.1148028552e-05
1701	18	5.38749150238e-05
1702	13	9.26310293505e-05
1703	5	6.10484531103e-05
1704	25	6.40912664692e-05
1705	15	5.38749150238e-05
1706	23	5.84542828008e-05
1707	4	5.38749150238e-05
1708	11	5.38749150238e-05
1709	1	5.57332447714e-05
1710	2	5.80992514562e-05
1711	1	5.57332447714e-05
1712	2	5.84269905226e-05
1713	1	5.57332447714e-05
1714	4	8.0983346628e-05
1715	1	5.57332447714e-05
1716	1	5.57332447714e-05
1717	1	6.19310630523e-05
1718	3	8.63959826739e-05
1719	4	0.000102418013273
1720	8	0.000131670251674
1721	4	8.36113355573e-05
1722	2	5.8549313109e-05
1723	1	5.61833064242e-05
1724	2	5.8549313109e-05
1725	1	5.36794697485e-05
1726	1	5.36794697485e-05
1727	1	5.36794697485e-05
1728	1	5.36794697485e-05
1729	1	5.36794697485e-05
1730	1	5.36794697485e-05
1731	1	5.36794697485e-05
1732	1	5.36794697485e-05
1733	1	5.36794697485e-05
1734	1	5.36794697485e-05
1735	1	5.36794697485e-05
1736	1	5.35798943067e-05
1737	1	5.35798943067e-05
1738	1	5.35798943067e-05
1739	1	5.35798943067e-05
1740	1	5.35798943067e-05
1741	2	5.70552577434e-05
1742	2	5.81592620838e-05
1743	1	5.35798943067e-05
1744	1	5.42567009809e-05
1745	56	6.85478780227e-05
1746	1	5.42567009809e-05
1747	1	5.42567009809e-05
1748	1	5.42567009809e-05
1749	1	5.42567009809e-05
1750	1	5.42567009809e-05
1751	1	5.42567009809e-05
1752	1	5.42567009809e-05
1753	1	5.33517306821e-05
1754	1	5.33517306821e-05
1755	1	5.33517306821e-05
1756	1	5.33517306821e-05
1757	1	5.33517306821e-05
1758	1	5.33517306821e-05
1759	1	5.33517306821e-05
1760	1	5.33517306821e-05
1761	1	5.33517306821e-05
1762	1	5.33517306821e-05
1763	1	5.33517306821e-05
1764	1	6.6250283254e-05
1765	1	6.6250283254e-05
1766	1	6.6250283254e-05
1767	1	5.55650917743e-05
1768	3	5.09857239973e-05
1769	6	8.44813540563e-05
1770	5	6.54316791298e-05
1771	18	6.54316791298e-05
1772	1	8.68902995234e-05
1773	1	6.48899558124e-05
1774	1	6.48899558124e-05
1775	1	6.48899558124e-05
1776	1	5.42573079538e-05
1777	1	5.42573079538e-05
1778	1	5.42573079538e-05
1779	1	5.42573079538e-05
1780	1	5.42573079538e-05
1781	1	5.42573079538e-05
1782	1	5.42573079538e-05
1783	1	5.42573079538e-05
1784	1	5.42573079538e-05
1785	1	5.42573079538e-05
1786	1	5.42573079538e-05
1787	1	5.42573079538e-05
1788	1	5.42573079538e-05
1789	1	5.42573079538e-05
1790	1	5.42573079538e-05
1791	1	5.42573079538e-05
1792	6	5.09857239973e-05
1793	3	5.82087015636e-05
1794	17	6.98139335935e-05
1795	9	5.82087015636e-05
1796	7	5.82087015636e-05
1797	11	5.82087015636e-05
1798	17	5.82087015636e-05
1799	1	7.57244221618e-05
1800	1	5.52244271083e-05
1801	1	5.52244271083e-05
1802	1	5.52244271083e-05
1803	1	5.52244271083e-05
1804	3	6.96553343709e-05
1805	1	5.52244271083e-05
1806	2	6.34706598298e-05
1807	1	5.52244271083e-05
1808	1	5.52244271083e-05
1809	2	6.34706598298e-05
1810	1	5.52244271083e-05
1811	1	5.52244271083e-05
1812	1	5.52244271083e-05
1813	2	5.72394132506e-05
1814	1	5.71703985384e-05
1815	2	6.54166312599e-05
1816	1	5.71703985384e-05
1817	1	5.71703985384e-05
1818	1	5.71703985384e-05
1819	1	5.71703985384e-05
1820	1	5.92319567188e-05
1821	2	6.64428959891e-05
1822	2	6.64428959891e-05
1823	1	5.59334636302e-05
1824	1	5.59334636302e-05
1825	1	5.59334636302e-05
1826	2	6.64428959891e-05
1827	1	5.59334636302e-05
1828	1	5.59334636302e-05
1829	1	5.59334636302e-05
1830	1	5.59334636302e-05
1831	1	5.40780612678e-05
1832	1	5.40780612678e-05
1833	1	5.40780612678e-05
1834	1	5.40780612678e-05
1835	1	5.40780612678e-05
1836	1	5.40780612678e-05
1837	1	5.40780612678e-05
1838	1	5.40780612678e-05
1839	1	5.40780612678e-05
1840	1	5.40780612678e-05
1841	1	5.40780612678e-05
1842	1	5.40780612678e-05
1843	1	5.40780612678e-05
1844	1	5.40780612678e-05
1845	30	5.62449545377e-05
1846	20	5.09857239973e-05
1847	1	5.31526172672e-05
1848	14	5.31526172672e-05
1849	35	7.15802031898e-05
1850	14	5.52957759422e-05
1851	13	5.5411603501e-05
1852	22	5.75339383018e-05
1853	23	5.52957759422e-05
1854	24	5.54699892363e-05
1855	11	9.41933664783e-05
1856	17	8.39080053851e-05
1857	8	6.29719664459e-05
1858	14	5.31526172672e-05
1859	30	5.95225842536e-05
1860	21	5.31526172672e-05
1861	22	6.12974848711e-05
1862	14	5.31526172672e-05
1863	9	5.31526172672e-05
1864	1	5.4461087434e-05
1865	1	5.4461087434e-05
1866	1	5.4461087434e-05
1867	1	5.4461087434e-05
1868	1	5.4461087434e-05
1869	2	5.69106714268e-05
1870	2	5.69912763056e-05
1871	1	5.33258600629e-05
1872	1	5.33258600629e-05
1873	1	6.40312723852e-05
1874	2	5.77171137152e-05
1875	1	5.34353079901e-05
1876	1	5.49025081265e-05
1877	1	5.49025081265e-05
1878	5	6.53330793113e-05
1879	1	5.49025081265e-05
1880	1	5.49025081265e-05
1881	1	5.49025081265e-05
1882	1	5.49025081265e-05
1883	1	5.49025081265e-05
1884	1	5.52675297224e-05
1885	1	5.52675297224e-05
1886	1	5.52675297224e-05
1887	1	5.52675297224e-05
1888	3	5.79409317454e-05
1889	2	5.57977730703e-05
1890	2	5.57977730703e-05
1891	3	5.79409317454e-05
1892	3	5.79409317454e-05
1893	2	5.57977730703e-05
1894	4	6.358839733e-05
1895	2	5.57977730703e-05
1896	2	5.57977730703e-05
1897	2	5.57977730703e-05
1898	4	6.14162951821e-05
1899	3	5.79409317454e-05
1900	1	5.32238863568e-05
1901	1	5.31288826723e-05
1902	1	5.31288826723e-05
1903	3	5.90454229811e-05
1904	1	5.31288826723e-05
1905	1	5.31288826723e-05
1906	1	5.31288826723e-05
1907	1	5.31288826723e-05
1908	1	0.00013105009486
1909	1	5.81179050576e-05
1910	1	5.81179050576e-05
1911	2	6.54484557039e-05
1912	1	5.81179050576e-05
1913	2	6.15932684943e-05
1914	2	6.02322208315e-05
1915	4	6.63617311988e-05
1916	2	7.04212099355e-05
1917	1	5.4461087434e-05
1918	1	5.4461087434e-05
1919	1	5.4461087434e-05
1920	1	5.28595831521e-05
1921	1	5.28595831521e-05
1922	3	5.92295501385e-05
1923	3	5.92295501385e-05
1924	1	5.28595831521e-05
1925	1	5.28595831521e-05
1926	2	5.44530112809e-05
1927	3	5.60386260699e-05
1928	1	5.28595831521e-05
1929	1	5.28595831521e-05
1930	1	5.28595831521e-05
1931	1	5.28595831521e-05
1932	1	5.28595831521e-05
1933	3	5.92295501385e-05
1934	1	5.32447102311e-05
1935	2	5.88921758158e-05
1936	1	5.32447102311e-05
1937	1	5.32447102311e-05
1938	2	5.4952146351e-05
1939	2	5.4952146351e-05
1940	4	7.79335150236e-05
1941	1	5.3880327547e-05
1942	1	5.3880327547e-05
1943	1	5.3880327547e-05
1944	1	5.3880327547e-05
1945	1	5.3880327547e-05
1946	2	5.43750171458e-05
1947	1	5.26931601172e-05
1948	1	5.26931601172e-05
1949	1	5.26931601172e-05
1950	1	5.26931601172e-05
1951	2	5.80161384227e-05
1952	1	5.4461087434e-05
1953	1	5.66331895819e-05
1954	1	5.66331895819e-05
1955	1	5.66331895819e-05
1956	39	5.09857239973e-05
1957	2	5.20969513152e-05
1958	10	6.11174085018e-05
1959	27	5.89341867492e-05
1960	21	6.651011829e-05
1961	24	5.26925049252e-05
1962	10	6.23118870602e-05
1963	23	5.95020672193e-05
1964	36	5.83133834485e-05
1965	18	5.20969513152e-05
1966	1	9.52681326152e-05
1967	1	5.96440706304e-05
1968	1	5.96440706304e-05
1969	2	7.30379556594e-05
1970	4	6.78501895522e-05
1971	1	5.68621290672e-05
1972	4	6.64276212441e-05
1973	4	7.17037755518e-05
1974	1	5.68621290672e-05
1975	3	6.08219412691e-05
1976	2	6.58625753609e-05
1977	1	5.68621290672e-05
1978	3	7.1619442746e-05
1979	1	5.68621290672e-05
1980	1	5.68621290672e-05
1981	1	5.68621290672e-05
1982	2	7.52716512768e-05
1983	1	5.55923828099e-05
1984	2	5.84940410991e-05
1985	1	5.51038392776e-05
1986	1	5.51038392776e-05
1987	1	5.51038392776e-05
1988	5	7.32163762227e-05
1989	1	6.26422143132e-05
1990	2	6.69043247226e-05
1991	1	5.58392638331e-05
1992	1	5.77252338937e-05
1993	9	9.59546309108e-05
1994	5	6.70888436576e-05
1995	2	5.37669337866e-05
1996	1	5.26675810259e-05
1997	1	5.26675810259e-05
1998	1	5.26675810259e-05
1999	1	5.26675810259e-05
2000	2	5.36908510747e-05
2001	1	5.26675810259e-05
2002	1	5.26675810259e-05
2003	3	5.42864046848e-05
2004	1	5.30007101396e-05
2005	1	5.30007101396e-05
2006	1	5.30007101396e-05
2007	1	5.30007101396e-05
2008	1	5.30007101396e-05
2009	1	5.30007101396e-05
2010	1	5.30007101396e-05
2011	9	7.58185048212e-05
2012	1	5.32870800501e-05
2013	14	9.83309387913e-05
2014	4	5.78510960909e-05
2015	6	6.56921554471e-05
2016	6	6.22134488308e-05
2017	1	5.32870800501e-05
2018	1	5.32870800501e-05
2019	2	5.69044639208e-05
2020	1	5.56968589071e-05
2021	2	5.36171251701e-05
2022	2	5.36171251701e-05
2023	2	5.36171251701e-05
2024	2	5.36171251701e-05
2025	1	5.15812776073e-05
2026	1	5.15812776073e-05
2027	1	5.15812776073e-05
2028	1	5.15812776073e-05
2029	2	5.32429051696e-05
2030	1	5.15812776073e-05
2031	1	5.15812776073e-05
2032	1	5.15812776073e-05
2033	1	5.15812776073e-05
2034	1	5.15812776073e-05
2035	1	5.15812776073e-05
2036	1	5.15812776073e-05
2037	1	5.15812776073e-05
2038	1	5.15812776073e-05
2039	1	5.15812776073e-05
2040	1	5.15812776073e-05
2041	1	5.15812776073e-05
2042	1	5.15812776073e-05
2043	2	5.32429051696e-05
2044	1	5.15812776073e-05
2045	1	5.30057216052e-05
2046	1	5.30057216052e-05
2047	4	5.83958127895e-05
2048	1	5.30057216052e-05
2049	1	5.30057216052e-05
2050	4	5.77700141012e-05
2051	29	7.13668992434e-05
2052	24	6.58886014802e-05
2053	43	6.84199584093e-05
2054	1	5.2041432011e-05
2055	2	5.37030595733e-05
2056	2	5.48512518519e-05
2057	1	6.42269999976e-05
2058	1	6.42269999976e-05
2059	1	6.42269999976e-05
2060	4	5.99525904632e-05
2061	52	7.71754553679e-05
2062	1	5.37955438382e-05
2063	2	5.46943084795e-05
2064	2	5.46943084795e-05
2065	3	5.90837586944e-05
2066	5	6.55139262443e-05
2067	4	5.84720053697e-05
2068	26	5.87511053784e-05
2069	2	6.14552819091e-05
2070	11	7.00861557468e-05
2071	5	5.46125888936e-05
2072	1	5.3590571563e-05
2073	6	5.09857239973e-05
2074	6	7.22125717745e-05
2075	16	8.88990445677e-05
2076	5	7.22125717745e-05
2077	10	6.52769010391e-05
2078	8	5.82087015636e-05
2079	1	7.14459526667e-05
2080	1	7.14459526667e-05
2081	1	5.63831659889e-05
2082	1	5.63831659889e-05
2083	1	5.63831659889e-05
2084	1	5.63831659889e-05
2085	1	5.63831659889e-05
2086	1	5.63831659889e-05
2087	1	5.63831659889e-05
2088	1	5.63831659889e-05
2089	1	5.63831659889e-05
2090	1	5.63831659889e-05
2091	2	6.33188367243e-05
2092	1	5.63831659889e-05
2093	1	5.63831659889e-05
2094	1	5.63831659889e-05
2095	1	8.16760670015e-05
2096	1	5.79213947327e-05
2097	1	5.79213947327e-05
2098	1	5.79213947327e-05
2099	1	5.79213947327e-05
2100	1	5.2085076758e-05
2101	1	5.2085076758e-05
2102	1	5.2085076758e-05
2103	1	5.2085076758e-05
2104	2	5.8682248746e-05
2105	1	5.2085076758e-05
2106	1	5.2085076758e-05
2107	1	5.2085076758e-05
2108	1	5.2085076758e-05
2109	1	5.2085076758e-05
2110	1	5.2085076758e-05
2111	1	5.2085076758e-05
2112	1	5.2085076758e-05
2113	1	5.2085076758e-05
2114	1	5.2085076758e-05
2115	1	5.2085076758e-05
2116	1	5.2085076758e-05
2117	1	5.2085076758e-05
2118	2	5.8682248746e-05
2119	2	5.8682248746e-05
2120	1	5.2085076758e-05
2121	1	5.2085076758e-05
2122	1	5.2085076758e-05
2123	1	5.2085076758e-05
2124	5	6.68653000448e-05
2125	1	5.2085076758e-05
2126	2	5.4247799374e-05
2127	1	5.2085076758e-05
2128	2	5.8682248746e-05
2129	1	5.2085076758e-05
2130	2	5.96917750075e-05
2131	1	5.2085076758e-05
2132	1	5.2085076758e-05
2133	1	5.2085076758e-05
2134	1	5.2085076758e-05
2135	1	5.2085076758e-05
2136	3	6.2542027383e-05
2137	1	5.2085076758e-05
2138	1	5.2085076758e-05
2139	1	5.2085076758e-05
2140	1	5.2085076758e-05
2141	1	5.2085076758e-05
2142	1	5.2085076758e-05
2143	1	5.2085076758e-05
2144	1	5.2085076758e-05
2145	1	5.2085076758e-05
2146	13	7.76137880938e-05
2147	1	5.2085076758e-05
2148	1	5.80539234729e-05
2149	1	5.80539234729e-05
2150	1	5.80539234729e-05
2151	19	5.09857239973e-05
2152	27	6.01218321118e-05
2153	62	5.92679715053e-05
2154	32	7.52975184e-05
2155	19	5.90405272684e-05
2156	29	6.34395576403e-05
2157	17	5.9572767508e-05
2158	20	5.89420783629e-05
2159	16	5.53246944922e-05
2160	15	5.53246944922e-05
2161	23	5.32666642814e-05
2162	1	5.34756068371e-05
2163	1	5.34756068371e-05
2164	1	5.34756068371e-05
2165	3	5.61195086101e-05
2166	2	5.40614783992e-05
2167	2	5.57169922223e-05
2168	2	5.40614783992e-05
2169	2	5.40614783992e-05
2170	1	5.32076177928e-05
2171	2	5.40614783992e-05
2172	2	5.40614783992e-05
2173	1	5.32076177928e-05
2174	1	5.48765795644e-05
2175	1	5.48765795644e-05
2176	1	5.48765795644e-05
2177	2	5.60094766094e-05
2178	3	6.01177685406e-05
2179	1	5.38525316496e-05
2180	1	5.61331593769e-05
2181	1	5.61331593769e-05
2182	1	5.61331593769e-05
2183	1	5.61331593769e-05
2184	1	5.61331593769e-05
2185	1	5.61331593769e-05
2186	2	5.90975897531e-05
2187	2	5.23775281287e-05
2188	1	5.18395846037e-05
2189	1	5.18395846037e-05
2190	1	5.18395846037e-05
2191	1	5.18395846037e-05
2192	1	5.18395846037e-05
2193	2	5.39965295635e-05
2194	1	5.18395846037e-05
2195	1	5.18395846037e-05
2196	1	5.18395846037e-05
2197	1	5.18395846037e-05
2198	3	5.78408918277e-05
2199	1	5.18395846037e-05
2200	1	5.18395846037e-05
2201	1	5.18395846037e-05
2202	1	5.18395846037e-05
2203	1	5.18395846037e-05
2204	2	5.71096830502e-05
2205	1	5.18395846037e-05
2206	1	5.18395846037e-05
2207	1	5.18395846037e-05
2208	1	5.18395846037e-05
2209	1	5.18395846037e-05
2210	3	5.78408918277e-05
2211	1	5.18395846037e-05
2212	1	5.36525111073e-05
2213	1	5.36525111073e-05
2214	1	5.41222520084e-05
2215	1	5.41222520084e-05
2216	1	5.41222520084e-05
2217	1	5.39328279154e-05
2218	1	5.39328279154e-05
2219	1	5.43447233057e-05
2220	2	5.66611380788e-05
2221	24	6.83820607659e-05
2222	6	5.09857239973e-05
2223	18	8.22509721883e-05
2224	27	7.08529250699e-05
2225	16	7.08529250699e-05
2226	27	6.81041808294e-05
2227	6	5.82087015636e-05
2228	19	5.82087015636e-05
2229	2	5.8515000711e-05
2230	1	5.79770571861e-05
2231	5	6.69532137654e-05
2232	1	5.79770571861e-05
2233	2	5.47230481127e-05
2234	2	5.40330419518e-05
2235	6	6.10022346459e-05
2236	6	7.24501626749e-05
2237	2	5.66878281317e-05
2238	4	5.67894741863e-05
2239	1	5.34950984268e-05
2240	2	5.62438426673e-05
2241	1	5.56184152518e-05
2242	1	5.56184152518e-05
2243	1	5.56184152518e-05
2244	2	7.28502543549e-05
2245	1	5.56184152518e-05
2246	1	5.56184152518e-05
2247	1	5.56184152518e-05
2248	1	5.56184152518e-05
2249	1	5.56184152518e-05
2250	1	5.56184152518e-05
2251	2	5.7406805757e-05
2252	1	5.33012661455e-05
2253	1	5.33012661455e-05
2254	7	6.50503480539e-05
2255	1	5.33012661455e-05
2256	1	5.33012661455e-05
2257	37	7.23067479539e-05
2258	32	6.23666539995e-05
2259	1	5.33012661455e-05
2260	1	5.33012661455e-05
2261	1	5.33012661455e-05
2262	1	5.37344682378e-05
2263	1	5.37344682378e-05
2264	1	5.37344682378e-05
2265	1	5.37344682378e-05
2266	1	5.37344682378e-05
2267	1	5.37344682378e-05
2268	33	5.09857239973e-05
2269	1	5.22989926457e-05
2270	15	5.22989926457e-05
2271	26	5.22989926457e-05
2272	15	5.22989926457e-05
2273	35	5.78283040679e-05
2274	31	5.61245238787e-05
2275	40	5.48965741928e-05
2276	20	5.50076092331e-05
2277	1	6.6082276238e-05
2278	2	5.55178764976e-05
2279	1	5.35101297715e-05
2280	6	6.67096657087e-05
2281	1	5.35101297715e-05
2282	1	5.35101297715e-05
2283	1	5.35101297715e-05
2284	1	5.35101297715e-05
2285	4	6.0785927737e-05
2286	1	5.35101297715e-05
2287	5	6.49756634166e-05
2288	1	5.41610199793e-05
2289	4	5.97190741035e-05
2290	4	5.97190741035e-05
2291	2	5.52347334135e-05
2292	2	5.52347334135e-05
2293	3	5.66987496327e-05
2294	1	5.27638897472e-05
2295	2	5.45721245934e-05
2296	1	5.20089940461e-05
2297	1	5.20089940461e-05
2298	5	6.04415471502e-05
2299	2	5.25469375711e-05
2300	1	5.20089940461e-05
2301	1	5.20089940461e-05
2302	1	5.20089940461e-05
2303	6	6.0717348386e-05
2304	1	5.20089940461e-05
2305	1	5.40584196718e-05
2306	2	5.72337156539e-05
2307	1	5.40584196718e-05
2308	1	5.41610199793e-05
2309	1	5.41610199793e-05
2310	1	5.41610199793e-05
2311	1	5.41610199793e-05
2312	22	6.02718730429e-05
2313	2	5.37992884721e-05
2314	6	6.14998227288e-05
2315	3	5.53927166009e-05
2316	3	5.53927166009e-05
2317	3	5.55030686613e-05
2318	4	5.70964967901e-05
2319	4	5.81006502084e-05
2320	2	5.51689203334e-05
2321	3	5.55030686613e-05
2322	2	5.37992884721e-05
2323	4	5.81006502084e-05
2324	1	5.26895041865e-05
2325	1	5.26895041865e-05
2326	2	5.39174538723e-05
2327	1	5.26895041865e-05
2328	1	5.26895041865e-05
2329	1	5.22136736832e-05
2330	1	5.22136736832e-05
2331	3	5.66169996219e-05
2332	1	5.35833055444e-05
2333	4	5.09857239973e-05
2334	3	6.18201903467e-05
2335	6	6.18201903467e-05
2336	2	6.18201903467e-05
2337	6	6.18201903467e-05
2338	1	7.72593048946e-05
2339	1	7.72593048946e-05
2340	1	6.14951563562e-05
2341	1	6.14951563562e-05
2342	2	0.000114042318151
2343	1	6.14951563562e-05
2344	1	6.14951563562e-05
2345	1	6.14951563562e-05
2346	3	5.09857239973e-05
2347	18	6.7749051099e-05
2348	25	6.54316791298e-05
2349	1	5.45848923369e-05
2350	1	5.45848923369e-05
2351	1	5.45848923369e-05
2352	1	5.45848923369e-05
2353	1	5.45848923369e-05
2354	1	5.45848923369e-05
2355	1	5.33030959665e-05
2356	1	5.33030959665e-05
2357	1	5.33030959665e-05
2358	2	5.92559138588e-05
2359	1	5.33030959665e-05
2360	1	5.33030959665e-05
2361	2	5.73218759782e-05
2362	1	5.33030959665e-05
2363	6	5.09857239973e-05
2364	12	5.82087015636e-05
2365	1	5.43857229569e-05
2366	1	5.54836691181e-05
2367	1	5.54836691181e-05
2368	1	5.54836691181e-05
2369	21	5.17450616005e-05
2370	48	5.62512505644e-05
2371	25	5.47234642529e-05
2372	23	5.71159719933e-05
2373	14	5.93028082568e-05
2374	18	5.90002070568e-05
2375	24	5.62942965342e-05
2376	24	5.39442267944e-05
2377	56	5.57556101257e-05
2378	7	5.17450616005e-05
2379	10	5.17450616005e-05
2380	19	5.17450616005e-05
2381	29	5.17450616005e-05
2382	21	5.17450616005e-05
2383	17	5.17450616005e-05
2384	1	5.31848891912e-05
2385	1	5.31848891912e-05
2386	1	5.63446032177e-05
2387	3	5.7282988512e-05
2388	1	5.37855186538e-05
2389	1	5.37855186538e-05
2390	1	5.37855186538e-05
2391	3	5.90736935514e-05
2392	2	5.52159873681e-05
2393	2	5.46045753427e-05
2394	1	5.31091113472e-05
2395	1	0.000102764093166
2396	2	6.12758077105e-05
2397	2	5.63345063786e-05
2398	1	5.20723959692e-05
2399	1	5.20723959692e-05
2400	2	5.46697658216e-05
2401	2	5.36432282506e-05
2402	1	5.20723959692e-05
2403	1	5.20723959692e-05
2404	1	5.77940811892e-05
2405	2	6.39934112783e-05
2406	2	5.5933420131e-05
2407	1	5.48434301805e-05
2408	1	5.48434301805e-05
2409	1	5.33782317377e-05
2410	1	5.33782317377e-05
2411	2	5.8270377694e-05
2412	1	5.25135103088e-05
2413	1	5.25135103088e-05
2414	1	5.25135103088e-05
2415	1	5.18799177964e-05
2416	1	5.34292408794e-05
2417	1	5.25565562786e-05
2418	1	5.25565562786e-05
2419	1	5.25565562786e-05
2420	1	5.25565562786e-05
2421	1	5.25565562786e-05
2422	1	5.25565562786e-05
2423	1	5.25565562786e-05
2424	1	5.25565562786e-05
2425	1	5.25565562786e-05
2426	1	5.25565562786e-05
2427	1	5.25565562786e-05
2428	1	5.25565562786e-05
2429	1	5.31848891912e-05
2430	1	5.31848891912e-05
2431	1	5.37346804896e-05
2432	4	5.09857239973e-05
2433	2	8.6401687812e-05
2434	9	5.09857239973e-05
2435	18	8.1683802747e-05
2436	22	8.26402637115e-05
2437	10	6.05818757929e-05
2438	6	5.58010423748e-05
2439	2	6.16879182598e-05
2440	2	6.16879182598e-05
2441	1	5.72976542427e-05
2442	1	5.72976542427e-05
2443	3	6.58273704819e-05
2444	1	5.72976542427e-05
2445	2	6.16879182598e-05
2446	6	7.79645745374e-05
2447	5	7.55216447967e-05
2448	3	6.40258219372e-05
2449	1	5.51251762194e-05
2450	1	5.51251762194e-05
2451	1	5.51251762194e-05
2452	1	5.53759880143e-05
2453	3	6.50702623291e-05
2454	1	5.53759880143e-05
2455	1	5.83835613605e-05
2456	1	5.83835613605e-05
2457	1	5.83835613605e-05
2458	1	5.33236276746e-05
2459	1	5.33236276746e-05
2460	3	6.09823974929e-05
2461	1	5.33236276746e-05
2462	2	5.57665574154e-05
2463	2	5.57665574154e-05
2464	2	5.57665574154e-05
2465	3	6.09823974929e-05
2466	3	6.09823974929e-05
2467	3	6.09823974929e-05
2468	1	5.33236276746e-05
2469	1	5.33236276746e-05
2470	1	5.33236276746e-05
2471	1	5.3428653738e-05
2472	1	5.3428653738e-05
2473	1	5.3428653738e-05
2474	1	5.3428653738e-05
2475	1	6.0471901201e-05
2476	16	5.09857239973e-05
2477	7	5.36943405846e-05
2478	24	6.82376727282e-05
2479	12	5.36943405846e-05
2480	1	5.36943405846e-05
2481	1	5.85924222468e-05
2482	1	5.85924222468e-05
2483	1	5.85924222468e-05
2484	3	7.50536665548e-05
2485	4	7.96404141348e-05
2486	1	5.44423226557e-05
2487	4	6.97929858195e-05
2488	3	6.63363871611e-05
2489	1	5.55872266582e-05
2490	1	5.55872266582e-05
2491	1	5.38858640062e-05
2492	2	5.89625222966e-05
2493	1	5.51348321334e-05
2494	22	5.09857239973e-05
2495	28	5.86904665497e-05
2496	20	5.46227485597e-05
2497	24	5.46227485597e-05
2498	28	5.29556269699e-05
2499	1	5.31173804069e-05
2500	1	5.26473515595e-05
2501	1	5.26473515595e-05
2502	1	5.26473515595e-05
2503	1	5.26473515595e-05
2504	5	5.99120927779e-05
2505	1	5.26473515595e-05
2506	1	5.32556530687e-05
2507	1	5.32556530687e-05
2508	2	5.61161125099e-05
2509	1	5.32556530687e-05
2510	1	5.35651315682e-05
2511	1	5.30961483735e-05
2512	2	5.09857239973e-05
2513	3	0.000103532885792
2514	3	7.26546566961e-05
2515	2	0.000169866906016
2516	2	5.09857239973e-05
2517	9	7.26546566961e-05
2518	1	7.49135750982e-05
2519	1	7.49135750982e-05
2520	1	7.49135750982e-05
2521	1	5.87052812712e-05
2522	1	5.87052812712e-05
2523	1	5.87052812712e-05
2524	1	5.87052812712e-05
2525	1	5.87052812712e-05
2526	1	5.87052812712e-05
2527	1	5.87052812712e-05
2528	1	5.87052812712e-05
2529	1	5.09857239973e-05
2530	1	9.4323589395e-05
2531	48	5.65115465134e-05
2532	5	9.86912363399e-05
2533	6	5.20077413278e-05
2534	6	6.19793392319e-05
2535	8	5.20077413278e-05
2536	42	6.63287407493e-05
2537	16	6.63287407493e-05
2538	24	5.92191512083e-05
2539	33	6.05870910379e-05
2540	23	5.7622086638e-05
2541	14	5.79605592202e-05
2542	40	5.45475949293e-05
2543	13	6.58135429936e-05
2544	39	5.43654256014e-05
2545	41	6.62288389556e-05
2546	20	6.03253325482e-05
2547	10	5.60265213396e-05
2548	10	6.83654397836e-05
2549	24	5.85884038092e-05
2550	12	5.20077413278e-05
2551	27	5.52580882984e-05
2552	21	5.43654256014e-05
2553	15	5.28918729304e-05
2554	10	5.75335638439e-05
2555	21	5.28918729304e-05
2556	9	5.20077413278e-05
2557	51	5.20077413278e-05
2558	31	5.20077413278e-05
2559	1	0.000116109582997
2560	2	7.60028666152e-05
2561	1	5.9827040023e-05
2562	1	5.9827040023e-05
2563	1	6.854653678e-05
2564	1	5.35159128689e-05
2565	1	5.35159128689e-05
2566	1	5.35159128689e-05
2567	1	5.35159128689e-05
2568	1	5.45821071635e-05
2569	3	6.3730716816e-05
2570	2	6.01055330779e-05
2571	1	5.45821071635e-05
2572	1	5.45821071635e-05
2573	1	5.45821071635e-05
2574	2	5.92599479584e-05
2575	2	6.08973328962e-05
2576	3	6.81793610097e-05
2577	1	5.88504343434e-05
2578	1	5.88504343434e-05
2579	1	5.88504343434e-05
2580	3	5.53054965834e-05
2581	3	5.82615219628e-05
2582	3	5.82615219628e-05
2583	1	5.27656429819e-05
2584	2	5.51496863218e-05
2585	29	5.57968324322e-05
2586	1	5.27656429819e-05
2587	2	5.51496863218e-05
2588	3	5.70889156438e-05
2589	4	6.4535569692e-05
2590	2	5.51496863218e-05
2591	2	5.51496863218e-05
2592	2	5.51496863218e-05
2593	1	5.730094973e-05
2594	2	6.2826772246e-05
2595	1	5.33697673372e-05
2596	1	5.33697673372e-05
2597	1	5.33697673372e-05
2598	1	5.33697673372e-05
2599	1	5.33697673372e-05
2600	1	5.33697673372e-05
2601	1	5.33697673372e-05
2602	1	5.33697673372e-05
2603	2	5.42538989398e-05
2604	1	5.65091499116e-05
2605	1	5.65091499116e-05
2606	3	6.234065028e-05
2607	2	5.44831938554e-05
2608	2	5.44831938554e-05
2609	4	5.86002058797e-05
2610	2	5.44831938554e-05
2611	1	5.80331535174e-05
2612	2	5.59395741536e-05
2613	1	5.38191079171e-05
2614	1	5.21259299595e-05
2615	1	5.21259299595e-05
2616	1	5.21259299595e-05
2617	1	5.21259299595e-05
2618	1	5.21259299595e-05
2619	1	5.21259299595e-05
2620	2	6.07985934134e-05
2621	3	6.27556507074e-05
2622	3	6.27556507074e-05
2623	1	5.84323780455e-05
2624	1	5.84323780455e-05
2625	1	5.35635559443e-05
2626	1	5.56635647921e-05
2627	1	5.56635647921e-05
2628	1	5.50912636088e-05
2629	1	5.50912636088e-05
2630	1	5.50912636088e-05
2631	1	5.50912636088e-05
2632	1	5.50912636088e-05
2633	1	5.50912636088e-05
2634	1	5.50912636088e-05
2635	1	5.50912636088e-05
2636	1	5.22388445092e-05
2637	1	5.22388445092e-05
2638	1	5.22388445092e-05
2639	1	5.22388445092e-05
2640	2	5.48362143616e-05
2641	1	5.22388445092e-05
2642	1	5.22388445092e-05
2643	3	6.25985657219e-05
2644	1	5.22693521018e-05
2645	1	5.22693521018e-05
2646	1	5.22693521018e-05
2647	5	6.25318264182e-05
2648	1	5.22693521018e-05
2649	1	5.22693521018e-05
2650	3	5.71613405398e-05
2651	2	5.45985032901e-05
2652	1	5.44041597643e-05
2653	1	5.44041597643e-05
2654	1	5.69385418896e-05
2655	3	5.82831939139e-05
2656	1	5.36067843388e-05
2657	1	5.5004504009e-05
2658	3	6.19061686471e-05
2659	1	5.29427812912e-05
2660	2	5.53089966591e-05
2661	3	5.91687752961e-05
2662	2	5.53089966591e-05
2663	1	5.29427812912e-05
2664	1	5.29427812912e-05
2665	2	5.53089966591e-05
2666	2	5.53089966591e-05
2667	1	5.29427812912e-05
2668	1	5.35529802062e-05
2669	1	5.35529802062e-05
2670	1	5.35529802062e-05
2671	1	5.35529802062e-05
2672	1	5.35529802062e-05
2673	1	5.44440387658e-05
2674	1	5.44440387658e-05
2675	2	5.53281703684e-05
2676	1	5.44440387658e-05
2677	1	5.70986651557e-05
2678	1	5.70986651557e-05
2679	1	5.70986651557e-05
2680	1	5.33519393652e-05
2681	1	5.33519393652e-05
2682	1	5.65115465134e-05
2683	1	5.65115465134e-05
2684	1	5.65115465134e-05
2685	1	5.18698555999e-05
2686	1	5.18698555999e-05
2687	1	5.18698555999e-05
2688	1	5.18698555999e-05
2689	1	5.18698555999e-05
2690	1	5.18698555999e-05
2691	1	5.24592766682e-05
2692	1	5.24592766682e-05
2693	1	5.24592766682e-05
2694	1	5.24592766682e-05
2695	1	5.24592766682e-05
2696	12	5.09857239973e-05
2697	11	0.000141321989669
2698	7	0.000109645553804
2699	8	7.75197698432e-05
2700	6	7.45327902706e-05
2701	3	6.64623607509e-05
2702	10	6.64623607509e-05
2703	11	5.88160883135e-05
2704	12	7.19649170581e-05
2705	9	6.30349638465e-05
2706	12	5.45972127804e-05
2707	12	5.45972127804e-05
2708	1	9.10269544035e-05
2709	1	9.10269544035e-05
2710	4	0.000126616171497
2711	1	8.26621598623e-05
2712	1	5.9056153517e-05
2713	5	8.54061074842e-05
2714	3	7.5632379166e-05
2715	1	5.65405767824e-05
2716	2	6.41868492199e-05
2717	1	5.65405767824e-05
2718	1	5.65405767824e-05
2719	1	5.65405767824e-05
2720	1	5.65405767824e-05
2721	1	5.35830938497e-05
2722	1	5.35830938497e-05
2723	1	5.35830938497e-05
2724	2	5.94234750633e-05
2725	2	5.94234750633e-05
2726	1	5.52045995303e-05
2727	1	5.52045995303e-05
2728	16	5.09857239973e-05
2729	23	6.53930163562e-05
2730	6	5.36943405846e-05
2731	24	5.59763500595e-05
2732	21	5.36943405846e-05
2733	36	5.68908978593e-05
2734	1	5.31453592317e-05
2735	1	5.31453592317e-05
2736	1	5.31453592317e-05
2737	1	5.31453592317e-05
2738	1	5.31453592317e-05
2739	1	5.31453592317e-05
2740	3	6.23674884278e-05
2741	1	5.4540774986e-05
2742	3	5.86512734626e-05
2743	2	5.54861340794e-05
2744	1	5.4540774986e-05
2745	3	6.24442493235e-05
2746	1	5.27527862165e-05
2747	3	5.68691033044e-05
2748	3	5.67687823545e-05
2749	1	5.40971301799e-05
2750	31	6.57998797667e-05
2751	3	5.63758151815e-05
2752	2	5.50962224739e-05
2753	1	5.19310830908e-05
2754	1	5.19310830908e-05
2755	1	5.19310830908e-05
2756	1	5.19310830908e-05
2757	1	5.19310830908e-05
2758	3	5.55578219258e-05
2759	1	5.19310830908e-05
2760	2	5.33950993099e-05
2761	2	5.88124374391e-05
2762	2	5.51843933695e-05
2763	2	5.40700749478e-05
2764	2	5.39214291505e-05
2765	1	5.26421252872e-05
2766	1	5.26421252872e-05
2767	38	5.71179864252e-05
2768	2	5.54304560881e-05
2769	2	5.54304560881e-05
2770	2	5.54304560881e-05
2771	1	5.32677334721e-05
2772	1	5.32677334721e-05
2773	1	5.32677334721e-05
2774	1	5.32677334721e-05
2775	2	5.71811461039e-05
2776	1	5.24510956088e-05
2777	1	5.24510956088e-05
2778	1	5.24510956088e-05
2779	1	5.24510956088e-05
2780	2	5.71811461039e-05
2781	1	5.24510956088e-05
2782	1	5.24510956088e-05
2783	13	5.56476528835e-05
2784	4	6.57809558932e-05
2785	4	8.44190457903e-05
2786	5	6.96238138944e-05
2787	7	5.09857239973e-05
2788	1	5.71768476255e-05
2789	4	7.04146115456e-05
2790	13	6.4898259489e-05
2791	15	6.09153338164e-05
2792	7	6.09153338164e-05
2793	4	5.71768476255e-05
2794	14	5.71768476255e-05
2795	3	7.08406084753e-05
2796	1	5.65020760538e-05
2797	1	5.65020760538e-05
2798	4	7.45790946662e-05
2799	3	6.42234879174e-05
2800	3	6.42234879174e-05
2801	1	5.65020760538e-05
2802	1	5.65020760538e-05
2803	1	5.65020760538e-05
2804	1	5.49686496699e-05
2805	1	5.49686496699e-05
2806	1	5.49686496699e-05
2807	2	5.87071358608e-05
2808	3	6.90627426096e-05
2809	2	5.87071358608e-05
2810	3	6.90627426096e-05
2811	1	6.13413307461e-05
2812	1	6.71858308245e-05
2813	1	6.71858308245e-05
2814	1	5.47242101882e-05
2815	1	5.47242101882e-05
2816	9	5.09857239973e-05
2817	1	5.58010423748e-05
2818	4	5.58010423748e-05
2819	10	5.58010423748e-05
2820	17	5.58010423748e-05
2821	1	5.9986170291e-05
2822	1	5.9986170291e-05
2823	2	7.57964656305e-05
2824	1	5.9986170291e-05
2825	1	6.67960193368e-05
2826	1	5.62558224438e-05
2827	1	5.62558224438e-05
2828	1	5.62558224438e-05
2829	1	5.62558224438e-05
2830	1	5.62558224438e-05
2831	1	5.39501543734e-05
2832	1	5.39501543734e-05
2833	1	5.39501543734e-05
2834	1	5.39501543734e-05
2835	4	5.09857239973e-05
2836	2	0.000136699895904
2837	3	8.80937712441e-05
2838	3	8.80937712441e-05
2839	3	6.18201903467e-05
2840	1	0.000125865429555
2841	30	5.26394022408e-05
2842	28	5.25286030285e-05
2843	84	5.25286030285e-05
2844	10	5.4182281272e-05
2845	38	5.4182281272e-05
2846	31	5.25286030285e-05
2847	1	5.26394022408e-05
2848	1	5.52478344067e-05
2849	1	5.52478344067e-05
2850	1	5.52478344067e-05
2851	1	5.52478344067e-05
2852	1	5.52478344067e-05
2853	1	6.82175631003e-05
2854	4	5.68438783576e-05
2855	2	6.15673248229e-05
2856	2	5.35314142483e-05
2857	1	5.29934707233e-05
2858	1	5.29934707233e-05
2859	3	6.08236326155e-05
2860	1	5.66139637998e-05
2861	3	6.26495635441e-05
2862	1	5.4657449288e-05
2863	2	5.70213237416e-05
2864	1	5.15236675223e-05
2865	1	5.15236675223e-05
2866	1	5.15236675223e-05
2867	1	5.15236675223e-05
2868	1	5.15236675223e-05
2869	1	5.15236675223e-05
2870	1	5.15236675223e-05
2871	1	5.15236675223e-05
2872	1	5.15236675223e-05
2873	1	5.15236675223e-05
2874	1	5.15236675223e-05
2875	1	5.15236675223e-05
2876	1	5.15236675223e-05
2877	1	5.15236675223e-05
2878	1	5.15236675223e-05
2879	1	5.15236675223e-05
2880	1	5.15236675223e-05
2881	1	5.15236675223e-05
2882	1	5.33495984508e-05
2883	1	5.33495984508e-05
2884	1	5.33495984508e-05
2885	1	5.33495984508e-05
2886	1	5.33495984508e-05
2887	1	5.33495984508e-05
2888	1	5.2579152126e-05
2889	1	5.2579152126e-05
2890	1	5.2579152126e-05
2891	1	5.2579152126e-05
2892	1	5.2579152126e-05
2893	1	5.2579152126e-05
2894	1	5.2579152126e-05
2895	1	5.2579152126e-05
2896	1	5.2579152126e-05
2897	1	5.2579152126e-05
2898	1	5.2579152126e-05
2899	1	5.2579152126e-05
2900	1	5.2579152126e-05
2901	1	5.2579152126e-05
2902	1	5.2579152126e-05
2903	2	5.58771564616e-05
2904	1	5.31061902337e-05
2905	1	5.31061902337e-05
2906	1	5.31061902337e-05
2907	1	5.31061902337e-05
2908	1	5.67425913824e-05
2909	1	5.67425913824e-05
2910	1	5.67425913824e-05
2911	1	5.67425913824e-05
2912	1	5.24497402164e-05
2913	1	5.24136736579e-05
2914	1	5.24136736579e-05
2915	1	5.24136736579e-05
2916	1	5.24136736579e-05
2917	1	5.24136736579e-05
2918	1	5.22650278606e-05
2919	1	5.24740344164e-05
2920	2	5.09857239973e-05
2921	17	7.26546566961e-05
2922	1	5.75828959853e-05
2923	1	5.75828959853e-05
2924	1	5.75828959853e-05
2925	1	5.48455026343e-05
2926	1	5.48455026343e-05
2927	1	5.48455026343e-05
2928	1	5.48455026343e-05
2929	1	5.48455026343e-05
2930	1	5.48455026343e-05
2931	1	5.48455026343e-05
2932	1	5.48455026343e-05
2933	1	5.48455026343e-05
2934	1	5.48455026343e-05
2935	1	5.48455026343e-05
2936	1	5.48455026343e-05
2937	24	5.09857239973e-05
2938	1	5.27914683889e-05
2939	1	5.80334946343e-05
2940	1	5.38461834384e-05
2941	1	5.38461834384e-05
