0	5.11893429914e-05	41
1	5.52617228745e-05	118
2	8.0917716138e-05	7
3	0.000222636536069	1
4	7.92887641847e-05	5
5	0.00018150549925	1
6	0.000107795423366	2
7	0.000458020093312	1
8	0.000281278806386	1
9	0.000137116558525	2
10	0.000399785060984	1
11	0.000257251765076	1
12	0.000139152748466	1
13	9.59855217054e-05	4
14	8.25466680912e-05	9
15	0.000155849505987	1
16	0.000134673130595	2
17	7.52163843017e-05	5
18	9.84289496353e-05	2
19	7.27729563718e-05	15
20	0.000125306656864	2
21	0.000195351590853	1
22	5.81123887927e-05	73
23	0.000104130281472	1
24	7.72525742432e-05	9
25	0.000117569135086	3
26	7.15512424069e-05	10
27	0.000146075794267	1
28	6.62571485589e-05	18
29	8.82479999275e-05	6
30	0.000160329123858	1
31	0.000134673130595	2
32	0.000114311231179	2
33	9.88361876236e-05	4
34	0.0001310079887	4
35	0.000110646089285	1
36	8.82479999275e-05	6
37	5.81123887927e-05	73
38	9.19131418223e-05	1
39	0.000110238851296	1
40	8.49900960211e-05	4
41	6.50354345939e-05	24
42	5.60761988511e-05	58
43	6.62571485589e-05	18
44	6.62571485589e-05	18
45	5.97413407459e-05	35
46	7.64380982666e-05	5
47	6.74788625238e-05	10
48	8.74335239509e-05	3
49	5.15965809797e-05	92
50	5.48544848862e-05	121
51	5.24110569564e-05	96
52	5.97413407459e-05	35
53	5.93341027576e-05	45
54	5.93341027576e-05	45
55	6.09630547108e-05	42
56	6.09630547108e-05	42
57	8.37683820561e-05	3
58	5.72979128161e-05	54
59	5.40400089096e-05	95
60	6.09630547108e-05	42
61	5.68906748278e-05	52
62	5.15965809797e-05	92
63	6.95150524653e-05	10
64	5.15965809797e-05	92
65	6.13702926992e-05	24
66	6.09630547108e-05	42
67	5.52617228745e-05	118
68	6.29992446524e-05	26
69	5.56689608628e-05	93
70	5.56689608628e-05	93
71	5.56689608628e-05	93
72	0.000113903993191	2
73	5.3225532933e-05	173
74	5.15965809797e-05	92
75	5.48544848862e-05	121
76	5.15965809797e-05	92
77	5.60761988511e-05	58
78	6.25920066641e-05	28
79	5.15965809797e-05	92
80	5.68906748278e-05	52
81	5.44472468979e-05	133
82	5.3225532933e-05	173
83	5.15965809797e-05	92
84	0.000101686853542	5
85	0.000172546263507	1
86	0.000130193512723	1
87	0.000173767977472	2
88	6.58499105706e-05	15
89	6.46281966056e-05	17
90	0.000303269657755	1
91	0.00021530625228	1
92	5.48544848862e-05	121
93	6.25920066641e-05	28
94	5.48544848862e-05	121
95	5.64834368394e-05	83
96	5.48544848862e-05	121
97	5.48544848862e-05	121
98	5.48544848862e-05	121
99	5.93341027576e-05	45
100	5.48544848862e-05	121
101	6.05558167225e-05	24
102	5.48544848862e-05	121
103	6.01485787342e-05	25
104	5.48544848862e-05	121
105	7.27729563718e-05	15
106	5.48544848862e-05	121
107	5.48544848862e-05	121
108	5.48544848862e-05	121
109	8.78407619392e-05	1
110	5.48544848862e-05	121
111	5.48544848862e-05	121
112	5.48544848862e-05	121
113	6.70716245355e-05	13
114	5.48544848862e-05	121
115	6.34064826407e-05	23
116	5.48544848862e-05	121
117	5.48544848862e-05	121
118	5.48544848862e-05	121
119	0.000105351995437	2
120	5.48544848862e-05	121
121	5.77051508044e-05	56
122	5.48544848862e-05	121
123	5.97413407459e-05	35
124	8.33611440678e-05	4
125	5.72979128161e-05	54
126	0.00010942437532	3
127	0.000131415226688	1
128	0.00012856456077	1
129	0.0001310079887	4
130	0.000227930629917	1
131	0.000145668556279	2
132	0.000179469309309	1
133	9.43565697522e-05	8
134	0.00015259160208	1
135	0.000102908567507	3
136	5.52617228745e-05	118
137	5.68906748278e-05	52
138	5.52617228745e-05	118
139	5.93341027576e-05	45
140	5.52617228745e-05	118
141	5.68906748278e-05	52
142	7.35874323484e-05	9
143	7.64380982666e-05	5
144	5.52617228745e-05	118
145	6.25920066641e-05	28
146	9.92434256119e-05	1
147	5.68906748278e-05	52
148	6.29992446524e-05	26
149	5.52617228745e-05	118
150	0.000101686853542	5
151	5.77051508044e-05	56
152	0.000120419801004	2
153	9.43565697522e-05	8
154	6.01485787342e-05	25
155	0.000254401099158	1
156	5.52617228745e-05	118
157	0.000128157322782	1
158	0.000171324549543	1
159	8.49900960211e-05	4
160	0.000173767977472	2
161	0.000107795423366	2
162	0.000111460565261	4
163	0.000105759233425	5
164	6.34064826407e-05	23
165	5.89268647693e-05	41
166	0.000137931034501	1
167	0.000111460565261	4
168	0.000103723043483	3
169	0.000165215979718	1
170	7.11440044186e-05	8
171	5.81123887927e-05	73
172	5.81123887927e-05	73
173	7.31801943601e-05	10
174	0.000121641514969	1
175	0.000127342846805	2
176	0.000105759233425	5
177	6.42209586173e-05	21
178	6.25920066641e-05	28
179	8.25466680912e-05	9
180	7.35874323484e-05	9
181	7.31801943601e-05	10
182	8.13249541263e-05	4
183	0.0001623653138	1
184	0.000117976373074	1
185	8.21394301029e-05	3
186	5.56689608628e-05	93
187	6.87005764887e-05	11
188	7.72525742432e-05	9
189	6.74788625238e-05	10
190	0.000127342846805	2
191	6.50354345939e-05	24
192	6.46281966056e-05	17
193	6.74788625238e-05	10
194	5.77051508044e-05	56
195	5.8519626781e-05	58
196	6.21847686758e-05	22
197	7.07367664303e-05	11
198	0.000119198087039	1
199	0.000127750084793	1
200	7.4401908325e-05	13
201	6.54426725822e-05	22
202	7.80670502198e-05	6
203	0.00012612113284	2
204	6.78861005121e-05	14
205	0.000102908567507	3
206	5.28182949447e-05	157
207	8.49900960211e-05	4
208	5.28182949447e-05	157
209	6.9107814477e-05	8
210	6.21847686758e-05	22
211	6.25920066641e-05	28
212	6.42209586173e-05	21
213	5.28182949447e-05	157
214	5.28182949447e-05	157
215	5.44472468979e-05	133
216	6.74788625238e-05	10
217	6.13702926992e-05	24
218	5.28182949447e-05	157
219	5.56689608628e-05	93
220	5.8519626781e-05	58
221	6.82933385004e-05	16
222	0.0001310079887	4
223	6.42209586173e-05	21
224	5.77051508044e-05	56
225	5.28182949447e-05	157
226	5.28182949447e-05	157
227	5.72979128161e-05	54
228	5.81123887927e-05	73
229	5.28182949447e-05	157
230	0.000124492180887	1
231	6.34064826407e-05	23
232	6.09630547108e-05	42
233	5.77051508044e-05	56
234	0.000122048752957	2
235	9.1505903834e-05	3
236	5.60761988511e-05	58
237	6.21847686758e-05	22
238	6.13702926992e-05	24
239	5.56689608628e-05	93
240	6.13702926992e-05	24
241	8.0917716138e-05	7
242	5.8519626781e-05	58
243	0.000159514647882	1
244	6.05558167225e-05	24
245	7.07367664303e-05	11
246	0.000209197682455	1
247	0.00015992188587	1
248	5.89268647693e-05	41
249	5.28182949447e-05	157
250	0.000354581644282	1
251	6.99222904536e-05	20
252	6.82933385004e-05	16
253	5.64834368394e-05	83
254	7.72525742432e-05	9
255	0.00012367770491	2
256	6.29992446524e-05	26
257	5.28182949447e-05	157
258	0.000111867803249	2
259	5.56689608628e-05	93
260	7.31801943601e-05	10
261	0.000140781700419	1
262	5.64834368394e-05	83
263	6.95150524653e-05	10
264	6.87005764887e-05	11
265	6.78861005121e-05	14
266	8.66190479743e-05	2
267	0.000108202661355	2
268	0.000249514243298	1
269	7.92887641847e-05	5
270	0.000149333698174	1
271	6.58499105706e-05	15
272	6.09630547108e-05	42
273	0.000116347421121	1
274	8.94697138925e-05	3
275	6.54426725822e-05	22
276	7.15512424069e-05	10
277	6.46281966056e-05	17
278	6.58499105706e-05	15
279	6.05558167225e-05	24
280	6.58499105706e-05	15
281	5.8519626781e-05	58
282	5.44472468979e-05	133
283	6.42209586173e-05	21
284	7.15512424069e-05	10
285	6.99222904536e-05	20
286	6.82933385004e-05	16
287	6.46281966056e-05	17
288	7.07367664303e-05	11
289	0.000113496755203	3
290	5.56689608628e-05	93
291	8.41756200445e-05	1
292	6.01485787342e-05	25
293	5.97413407459e-05	35
294	5.40400089096e-05	95
295	5.97413407459e-05	35
296	6.46281966056e-05	17
297	5.8519626781e-05	58
298	7.19584803952e-05	13
299	6.46281966056e-05	17
300	7.4401908325e-05	13
301	6.99222904536e-05	20
302	8.66190479743e-05	2
303	5.68906748278e-05	52
304	0.000151369888115	1
305	0.000138745510478	1
306	5.81123887927e-05	73
307	5.3225532933e-05	173
308	5.3225532933e-05	173
309	5.56689608628e-05	93
310	5.48544848862e-05	121
311	5.3225532933e-05	173
312	5.68906748278e-05	52
313	7.11440044186e-05	8
314	7.11440044186e-05	8
315	8.05104781497e-05	2
316	0.00012612113284	2
317	9.39493317639e-05	1
318	6.66643865472e-05	16
319	9.59855217054e-05	4
320	0.000123270466922	1
321	8.98769518808e-05	1
322	5.8519626781e-05	58
323	7.27729563718e-05	15
324	6.99222904536e-05	20
325	6.09630547108e-05	42
326	7.27729563718e-05	15
327	6.05558167225e-05	24
328	6.42209586173e-05	21
329	8.49900960211e-05	4
330	8.29539060795e-05	3
331	7.39946703367e-05	7
332	7.19584803952e-05	13
333	5.56689608628e-05	93
334	5.72979128161e-05	54
335	0.000111460565261	4
336	6.3813720629e-05	15
337	5.72979128161e-05	54
338	5.48544848862e-05	121
339	6.46281966056e-05	17
340	7.31801943601e-05	10
341	6.87005764887e-05	11
342	5.77051508044e-05	56
343	5.81123887927e-05	73
344	5.20038189681e-05	163
345	5.20038189681e-05	163
346	5.81123887927e-05	73
347	6.66643865472e-05	16
348	5.81123887927e-05	73
349	6.3813720629e-05	15
350	6.99222904536e-05	20
351	5.81123887927e-05	73
352	6.25920066641e-05	28
353	7.92887641847e-05	5
354	5.77051508044e-05	56
355	6.01485787342e-05	25
356	5.40400089096e-05	95
357	5.56689608628e-05	93
358	5.60761988511e-05	58
359	5.40400089096e-05	95
360	6.17775306875e-05	25
361	5.48544848862e-05	121
362	5.8519626781e-05	58
363	5.68906748278e-05	52
364	5.64834368394e-05	83
365	5.64834368394e-05	83
366	6.54426725822e-05	22
367	5.89268647693e-05	41
368	8.13249541263e-05	4
369	5.20038189681e-05	163
370	7.92887641847e-05	5
371	5.77051508044e-05	56
372	5.20038189681e-05	163
373	5.20038189681e-05	163
374	5.89268647693e-05	41
375	5.20038189681e-05	163
376	5.20038189681e-05	163
377	5.20038189681e-05	163
378	7.60308602783e-05	8
379	5.60761988511e-05	58
380	6.34064826407e-05	23
381	5.20038189681e-05	163
382	5.28182949447e-05	157
383	5.48544848862e-05	121
384	5.20038189681e-05	163
385	5.28182949447e-05	157
386	5.20038189681e-05	163
387	5.20038189681e-05	163
388	5.20038189681e-05	163
389	5.81123887927e-05	73
390	6.66643865472e-05	16
391	5.68906748278e-05	52
392	5.24110569564e-05	96
393	5.44472468979e-05	133
394	0.000111053327273	1
395	5.60761988511e-05	58
396	5.36327709213e-05	129
397	5.48544848862e-05	121
398	5.8519626781e-05	58
399	6.17775306875e-05	25
400	5.28182949447e-05	157
401	5.89268647693e-05	41
402	5.64834368394e-05	83
403	5.56689608628e-05	93
404	6.42209586173e-05	21
405	5.56689608628e-05	93
406	5.56689608628e-05	93
407	5.28182949447e-05	157
408	5.44472468979e-05	133
409	5.68906748278e-05	52
410	5.28182949447e-05	157
411	5.56689608628e-05	93
412	5.28182949447e-05	157
413	5.28182949447e-05	157
414	5.28182949447e-05	157
415	5.28182949447e-05	157
416	5.28182949447e-05	157
417	5.28182949447e-05	157
418	5.28182949447e-05	157
419	5.89268647693e-05	41
420	5.77051508044e-05	56
421	6.25920066641e-05	28
422	5.3225532933e-05	173
423	8.70262859626e-05	4
424	5.77051508044e-05	56
425	7.96960021731e-05	4
426	5.64834368394e-05	83
427	5.77051508044e-05	56
428	5.52617228745e-05	118
429	5.52617228745e-05	118
430	5.44472468979e-05	133
431	5.52617228745e-05	118
432	7.31801943601e-05	10
433	5.52617228745e-05	118
434	5.28182949447e-05	157
435	5.44472468979e-05	133
436	7.35874323484e-05	9
437	6.74788625238e-05	10
438	5.28182949447e-05	157
439	5.48544848862e-05	121
440	5.36327709213e-05	129
441	7.27729563718e-05	15
442	5.68906748278e-05	52
443	0.000167659407648	1
444	6.46281966056e-05	17
445	6.3813720629e-05	15
446	5.28182949447e-05	157
447	5.56689608628e-05	93
448	6.17775306875e-05	25
449	5.48544848862e-05	121
450	5.60761988511e-05	58
451	5.8519626781e-05	58
452	5.3225532933e-05	173
453	5.40400089096e-05	95
454	5.89268647693e-05	41
455	5.81123887927e-05	73
456	5.64834368394e-05	83
457	5.3225532933e-05	173
458	5.52617228745e-05	118
459	5.20038189681e-05	163
460	5.20038189681e-05	163
461	5.36327709213e-05	129
462	5.20038189681e-05	163
463	5.36327709213e-05	129
464	5.20038189681e-05	163
465	5.3225532933e-05	173
466	5.48544848862e-05	121
467	5.20038189681e-05	163
468	5.72979128161e-05	54
469	0.000196980542806	1
470	5.40400089096e-05	95
471	5.40400089096e-05	95
472	5.36327709213e-05	129
473	5.60761988511e-05	58
474	7.11440044186e-05	8
475	6.21847686758e-05	22
476	6.9107814477e-05	8
477	7.11440044186e-05	8
478	5.77051508044e-05	56
479	5.36327709213e-05	129
480	5.36327709213e-05	129
481	5.36327709213e-05	129
482	5.81123887927e-05	73
483	8.90624759042e-05	4
484	8.13249541263e-05	4
485	0.000101686853542	5
486	6.87005764887e-05	11
487	5.28182949447e-05	157
488	5.28182949447e-05	157
489	5.28182949447e-05	157
490	5.28182949447e-05	157
491	5.36327709213e-05	129
492	5.28182949447e-05	157
493	5.28182949447e-05	157
494	5.28182949447e-05	157
495	5.28182949447e-05	157
496	5.28182949447e-05	157
497	6.13702926992e-05	24
498	6.25920066641e-05	28
499	6.13702926992e-05	24
500	5.72979128161e-05	54
501	5.44472468979e-05	133
502	5.28182949447e-05	157
503	5.77051508044e-05	56
504	5.77051508044e-05	56
505	5.77051508044e-05	56
506	5.56689608628e-05	93
507	5.81123887927e-05	73
508	5.97413407459e-05	35
509	0.000141188938408	3
510	0.00010698094739	2
511	5.77051508044e-05	56
512	0.000111460565261	4
513	9.31348557872e-05	4
514	0.000126935608817	1
515	7.76598122315e-05	12
516	6.87005764887e-05	11
517	7.11440044186e-05	8
518	8.17321921146e-05	6
519	0.000101279615553	1
520	0.000111867803249	2
521	6.78861005121e-05	14
522	8.70262859626e-05	4
523	9.27276177989e-05	2
524	7.88815261964e-05	2
525	6.34064826407e-05	23
526	0.000113089517214	1
527	7.96960021731e-05	4
528	5.40400089096e-05	95
529	5.89268647693e-05	41
530	5.15965809797e-05	92
531	5.52617228745e-05	118
532	5.15965809797e-05	92
533	5.15965809797e-05	92
534	5.15965809797e-05	92
535	5.15965809797e-05	92
536	5.52617228745e-05	118
537	5.15965809797e-05	92
538	5.52617228745e-05	118
539	6.50354345939e-05	24
540	5.72979128161e-05	54
541	5.97413407459e-05	35
542	6.13702926992e-05	24
543	5.48544848862e-05	121
544	5.89268647693e-05	41
545	5.52617228745e-05	118
546	5.72979128161e-05	54
547	5.24110569564e-05	96
548	5.24110569564e-05	96
549	5.24110569564e-05	96
550	5.64834368394e-05	83
551	5.24110569564e-05	96
552	5.40400089096e-05	95
553	5.20038189681e-05	163
554	5.40400089096e-05	95
555	5.97413407459e-05	35
556	6.21847686758e-05	22
557	5.97413407459e-05	35
558	5.89268647693e-05	41
559	0.000372500115767	1
560	5.36327709213e-05	129
561	7.07367664303e-05	11
562	6.99222904536e-05	20
563	5.77051508044e-05	56
564	6.34064826407e-05	23
565	8.13249541263e-05	4
566	6.21847686758e-05	22
567	5.36327709213e-05	129
568	5.20038189681e-05	163
569	5.20038189681e-05	163
570	5.20038189681e-05	163
571	5.64834368394e-05	83
572	7.0329528442e-05	12
573	5.64834368394e-05	83
574	6.05558167225e-05	24
575	5.3225532933e-05	173
576	8.25466680912e-05	9
577	6.70716245355e-05	13
578	5.3225532933e-05	173
579	5.3225532933e-05	173
580	5.56689608628e-05	93
581	6.34064826407e-05	23
582	6.74788625238e-05	10
583	6.17775306875e-05	25
584	6.17775306875e-05	25
585	6.3813720629e-05	15
586	5.44472468979e-05	133
587	5.28182949447e-05	157
588	5.28182949447e-05	157
589	0.000145261318291	1
590	5.28182949447e-05	157
591	5.24110569564e-05	96
592	5.24110569564e-05	96
593	5.81123887927e-05	73
594	0.00012367770491	2
595	9.1505903834e-05	3
596	9.10986658457e-05	3
597	6.54426725822e-05	22
598	5.24110569564e-05	96
599	5.24110569564e-05	96
600	0.000236482627672	1
601	0.000112275041238	1
602	5.8519626781e-05	58
603	5.97413407459e-05	35
604	5.8519626781e-05	58
605	7.84742882081e-05	6
606	7.15512424069e-05	10
607	7.0329528442e-05	12
608	0.000105351995437	2
609	0.000115532945144	1
610	0.000211641110385	1
611	0.000435214765967	1
612	8.17321921146e-05	6
613	6.34064826407e-05	23
614	0.000147704746221	1
615	0.000161958075811	1
616	0.000105759233425	5
617	0.000153406078057	1
618	8.94697138925e-05	3
619	6.99222904536e-05	20
620	0.000117569135086	3
621	0.000128971798758	4
622	5.52617228745e-05	118
623	0.000105759233425	5
624	7.19584803952e-05	13
625	9.1505903834e-05	3
626	6.05558167225e-05	24
627	7.19584803952e-05	13
628	5.52617228745e-05	118
629	5.3225532933e-05	173
630	6.3813720629e-05	15
631	7.0329528442e-05	12
632	7.07367664303e-05	11
633	6.17775306875e-05	25
634	5.64834368394e-05	83
635	5.64834368394e-05	83
636	7.52163843017e-05	5
637	5.64834368394e-05	83
638	5.64834368394e-05	83
639	5.68906748278e-05	52
640	6.09630547108e-05	42
641	5.64834368394e-05	83
642	5.64834368394e-05	83
643	5.64834368394e-05	83
644	5.64834368394e-05	83
645	6.54426725822e-05	22
646	5.64834368394e-05	83
647	6.58499105706e-05	15
648	6.25920066641e-05	28
649	5.64834368394e-05	83
650	6.70716245355e-05	13
651	5.64834368394e-05	83
652	6.66643865472e-05	16
653	6.54426725822e-05	22
654	5.89268647693e-05	41
655	5.3225532933e-05	173
656	5.44472468979e-05	133
657	7.60308602783e-05	8
658	6.46281966056e-05	17
659	5.52617228745e-05	118
660	5.3225532933e-05	173
661	5.3225532933e-05	173
662	5.93341027576e-05	45
663	5.3225532933e-05	173
664	5.3225532933e-05	173
665	5.3225532933e-05	173
666	5.3225532933e-05	173
667	5.3225532933e-05	173
668	5.3225532933e-05	173
669	5.3225532933e-05	173
670	5.3225532933e-05	173
671	5.44472468979e-05	133
672	5.3225532933e-05	173
673	5.3225532933e-05	173
674	5.60761988511e-05	58
675	5.3225532933e-05	173
676	5.3225532933e-05	173
677	5.3225532933e-05	173
678	5.3225532933e-05	173
679	5.3225532933e-05	173
680	5.3225532933e-05	173
681	5.3225532933e-05	173
682	5.77051508044e-05	56
683	5.3225532933e-05	173
684	5.48544848862e-05	121
685	5.3225532933e-05	173
686	5.3225532933e-05	173
687	5.3225532933e-05	173
688	5.40400089096e-05	95
689	5.64834368394e-05	83
690	5.3225532933e-05	173
691	6.09630547108e-05	42
692	5.64834368394e-05	83
693	5.48544848862e-05	121
694	5.48544848862e-05	121
695	5.3225532933e-05	173
696	5.3225532933e-05	173
697	5.3225532933e-05	173
698	6.66643865472e-05	16
699	5.36327709213e-05	129
700	5.36327709213e-05	129
701	5.36327709213e-05	129
702	5.36327709213e-05	129
703	8.25466680912e-05	9
704	7.11440044186e-05	8
705	5.36327709213e-05	129
706	5.36327709213e-05	129
707	5.36327709213e-05	129
708	5.93341027576e-05	45
709	5.48544848862e-05	121
710	6.29992446524e-05	26
711	5.36327709213e-05	129
712	6.42209586173e-05	21
713	7.19584803952e-05	13
714	6.66643865472e-05	16
715	5.3225532933e-05	173
716	5.40400089096e-05	95
717	5.3225532933e-05	173
718	0.000245441863415	1
719	0.000236075389684	1
720	9.55782837171e-05	3
721	6.66643865472e-05	16
722	6.54426725822e-05	22
723	7.4401908325e-05	13
724	5.40400089096e-05	95
725	6.21847686758e-05	22
726	6.01485787342e-05	25
727	7.0329528442e-05	12
728	6.05558167225e-05	24
729	5.52617228745e-05	118
730	5.77051508044e-05	56
731	5.93341027576e-05	45
732	5.93341027576e-05	45
733	6.99222904536e-05	20
734	7.84742882081e-05	6
735	5.97413407459e-05	35
736	6.21847686758e-05	22
737	7.23657183835e-05	9
738	0.000109831613308	2
739	5.77051508044e-05	56
740	5.89268647693e-05	41
741	5.64834368394e-05	83
742	5.8519626781e-05	58
743	8.90624759042e-05	4
744	7.39946703367e-05	7
745	5.8519626781e-05	58
746	9.31348557872e-05	4
747	8.33611440678e-05	4
748	8.86552379158e-05	1
749	5.64834368394e-05	83
750	0.000117161897097	1
751	5.52617228745e-05	118
752	7.0329528442e-05	12
753	6.3813720629e-05	15
754	5.72979128161e-05	54
755	5.60761988511e-05	58
756	5.36327709213e-05	129
757	6.50354345939e-05	24
758	5.36327709213e-05	129
759	5.64834368394e-05	83
760	5.60761988511e-05	58
761	6.21847686758e-05	22
762	5.81123887927e-05	73
763	0.000113496755203	3
764	7.0329528442e-05	12
765	8.82479999275e-05	6
766	5.48544848862e-05	121
767	5.48544848862e-05	121
768	5.48544848862e-05	121
769	0.000103723043483	3
770	6.21847686758e-05	22
771	6.50354345939e-05	24
772	7.64380982666e-05	5
773	6.13702926992e-05	24
774	5.3225532933e-05	173
775	6.34064826407e-05	23
776	6.09630547108e-05	42
777	5.89268647693e-05	41
778	5.44472468979e-05	133
779	7.48091463133e-05	10
780	5.44472468979e-05	133
781	5.3225532933e-05	173
782	5.3225532933e-05	173
783	5.3225532933e-05	173
784	5.44472468979e-05	133
785	5.3225532933e-05	173
786	5.93341027576e-05	45
787	5.3225532933e-05	173
788	6.25920066641e-05	28
789	6.29992446524e-05	26
790	6.9107814477e-05	8
791	7.48091463133e-05	10
792	0.000119605325027	1
793	0.000121234276981	2
794	0.00010942437532	3
795	5.81123887927e-05	73
796	7.60308602783e-05	8
797	7.23657183835e-05	9
798	7.11440044186e-05	8
799	0.000128971798758	4
800	0.000141188938408	3
801	5.81123887927e-05	73
802	6.05558167225e-05	24
803	5.72979128161e-05	54
804	5.93341027576e-05	45
805	5.72979128161e-05	54
806	5.72979128161e-05	54
807	5.72979128161e-05	54
808	9.23203798106e-05	2
809	6.25920066641e-05	28
810	6.50354345939e-05	24
811	0.000168881121613	1
812	0.000182727213215	1
813	5.77051508044e-05	56
814	0.000140374462431	1
815	5.72979128161e-05	54
816	5.64834368394e-05	83
817	5.48544848862e-05	121
818	5.81123887927e-05	73
819	6.25920066641e-05	28
820	5.48544848862e-05	121
821	5.60761988511e-05	58
822	5.40400089096e-05	95
823	5.48544848862e-05	121
824	6.50354345939e-05	24
825	5.77051508044e-05	56
826	5.3225532933e-05	173
827	6.29992446524e-05	26
828	5.72979128161e-05	54
829	5.48544848862e-05	121
830	5.20038189681e-05	163
831	5.20038189681e-05	163
832	6.62571485589e-05	18
833	5.20038189681e-05	163
834	5.48544848862e-05	121
835	5.28182949447e-05	157
836	5.20038189681e-05	163
837	5.77051508044e-05	56
838	5.28182949447e-05	157
839	5.44472468979e-05	133
840	7.0329528442e-05	12
841	5.36327709213e-05	129
842	5.81123887927e-05	73
843	5.20038189681e-05	163
844	5.20038189681e-05	163
845	5.20038189681e-05	163
846	5.20038189681e-05	163
847	5.20038189681e-05	163
848	5.64834368394e-05	83
849	9.96506636002e-05	3
850	0.000142003414384	1
851	5.60761988511e-05	58
852	5.93341027576e-05	45
853	6.09630547108e-05	42
854	0.000113496755203	3
855	6.09630547108e-05	42
856	6.09630547108e-05	42
857	9.55782837171e-05	3
858	0.00010698094739	2
859	5.40400089096e-05	95
860	5.60761988511e-05	58
861	5.60761988511e-05	58
862	6.34064826407e-05	23
863	5.56689608628e-05	93
864	6.87005764887e-05	11
865	5.52617228745e-05	118
866	6.01485787342e-05	25
867	5.52617228745e-05	118
868	5.77051508044e-05	56
869	5.52617228745e-05	118
870	9.23203798106e-05	2
871	5.64834368394e-05	83
872	5.40400089096e-05	95
873	6.54426725822e-05	22
874	6.3813720629e-05	15
875	6.82933385004e-05	16
876	7.76598122315e-05	12
877	7.72525742432e-05	9
878	8.33611440678e-05	4
879	5.72979128161e-05	54
880	6.58499105706e-05	15
881	5.44472468979e-05	133
882	5.72979128161e-05	54
883	6.99222904536e-05	20
884	7.68453362549e-05	2
885	7.27729563718e-05	15
886	6.66643865472e-05	16
887	5.97413407459e-05	35
888	7.35874323484e-05	9
889	5.44472468979e-05	133
890	5.44472468979e-05	133
891	0.000125306656864	2
892	0.000100872377565	2
893	8.0917716138e-05	7
894	6.99222904536e-05	20
895	5.77051508044e-05	56
896	5.89268647693e-05	41
897	8.17321921146e-05	6
898	5.20038189681e-05	163
899	5.20038189681e-05	163
900	5.20038189681e-05	163
901	5.20038189681e-05	163
902	5.20038189681e-05	163
903	5.20038189681e-05	163
904	5.20038189681e-05	163
905	5.20038189681e-05	163
906	5.56689608628e-05	93
907	0.000101686853542	5
908	7.84742882081e-05	6
909	6.42209586173e-05	21
910	6.42209586173e-05	21
911	6.17775306875e-05	25
912	0.000114311231179	2
913	5.11893429914e-05	41
914	8.74335239509e-05	3
915	9.55782837171e-05	3
916	9.51710457288e-05	3
917	9.96506636002e-05	3
918	5.64834368394e-05	83
919	0.000104944757448	1
920	5.48544848862e-05	121
921	6.82933385004e-05	16
922	5.3225532933e-05	173
923	7.0329528442e-05	12
924	6.3813720629e-05	15
925	5.3225532933e-05	173
926	6.25920066641e-05	28
927	6.34064826407e-05	23
928	6.70716245355e-05	13
929	6.21847686758e-05	22
930	6.21847686758e-05	22
931	5.3225532933e-05	173
932	5.72979128161e-05	54
933	5.3225532933e-05	173
934	0.000255215575134	1
935	0.000145668556279	2
936	6.78861005121e-05	14
937	6.46281966056e-05	17
938	6.46281966056e-05	17
939	8.70262859626e-05	4
940	7.27729563718e-05	15
941	7.60308602783e-05	8
942	0.000100057901588	1
943	8.94697138925e-05	3
944	9.02841898691e-05	1
945	6.99222904536e-05	20
946	6.78861005121e-05	14
947	7.60308602783e-05	8
948	6.82933385004e-05	16
949	5.40400089096e-05	95
950	5.77051508044e-05	56
951	6.62571485589e-05	18
952	5.56689608628e-05	93
953	7.84742882081e-05	6
954	7.92887641847e-05	5
955	7.80670502198e-05	6
956	5.40400089096e-05	95
957	5.40400089096e-05	95
958	5.56689608628e-05	93
959	8.6211809986e-05	4
960	5.40400089096e-05	95
961	8.17321921146e-05	6
962	6.9107814477e-05	8
963	5.40400089096e-05	95
964	5.56689608628e-05	93
965	0.000105759233425	5
966	5.68906748278e-05	52
967	6.01485787342e-05	25
968	5.97413407459e-05	35
969	7.4401908325e-05	13
970	5.52617228745e-05	118
971	5.52617228745e-05	118
972	5.52617228745e-05	118
973	5.52617228745e-05	118
974	5.52617228745e-05	118
975	5.52617228745e-05	118
976	5.52617228745e-05	118
977	5.52617228745e-05	118
978	5.52617228745e-05	118
979	5.52617228745e-05	118
980	5.52617228745e-05	118
981	5.81123887927e-05	73
982	5.72979128161e-05	54
983	6.29992446524e-05	26
984	6.01485787342e-05	25
985	6.95150524653e-05	10
986	6.25920066641e-05	28
987	5.28182949447e-05	157
988	5.28182949447e-05	157
989	6.34064826407e-05	23
990	5.28182949447e-05	157
991	5.28182949447e-05	157
992	7.60308602783e-05	8
993	5.93341027576e-05	45
994	5.28182949447e-05	157
995	5.28182949447e-05	157
996	5.28182949447e-05	157
997	5.28182949447e-05	157
998	5.28182949447e-05	157
999	5.28182949447e-05	157
1000	5.28182949447e-05	157
1001	6.46281966056e-05	17
1002	5.28182949447e-05	157
1003	5.28182949447e-05	157
1004	5.28182949447e-05	157
1005	5.28182949447e-05	157
1006	5.28182949447e-05	157
1007	5.28182949447e-05	157
1008	5.28182949447e-05	157
1009	8.0917716138e-05	7
1010	5.28182949447e-05	157
1011	5.77051508044e-05	56
1012	5.81123887927e-05	73
1013	5.24110569564e-05	96
1014	5.72979128161e-05	54
1015	5.24110569564e-05	96
1016	5.93341027576e-05	45
1017	5.24110569564e-05	96
1018	5.40400089096e-05	95
1019	6.21847686758e-05	22
1020	5.36327709213e-05	129
1021	5.24110569564e-05	96
1022	6.3813720629e-05	15
1023	6.29992446524e-05	26
1024	7.64380982666e-05	5
1025	6.78861005121e-05	14
1026	5.89268647693e-05	41
1027	5.97413407459e-05	35
1028	7.19584803952e-05	13
1029	5.48544848862e-05	121
1030	7.76598122315e-05	12
1031	7.31801943601e-05	10
1032	5.24110569564e-05	96
1033	7.19584803952e-05	13
1034	5.64834368394e-05	83
1035	5.56689608628e-05	93
1036	5.60761988511e-05	58
1037	5.44472468979e-05	133
1038	6.50354345939e-05	24
1039	5.89268647693e-05	41
1040	5.81123887927e-05	73
1041	5.40400089096e-05	95
1042	6.50354345939e-05	24
1043	6.34064826407e-05	23
1044	5.40400089096e-05	95
1045	5.40400089096e-05	95
1046	5.40400089096e-05	95
1047	5.56689608628e-05	93
1048	5.56689608628e-05	93
1049	5.8519626781e-05	58
1050	5.56689608628e-05	93
1051	5.56689608628e-05	93
1052	5.56689608628e-05	93
1053	6.70716245355e-05	13
1054	5.11893429914e-05	41
1055	9.43565697522e-05	8
1056	7.76598122315e-05	12
1057	7.76598122315e-05	12
1058	7.76598122315e-05	12
1059	5.11893429914e-05	41
1060	6.78861005121e-05	14
1061	0.000117569135086	3
1062	6.50354345939e-05	24
1063	6.17775306875e-05	25
1064	0.000147297508232	1
1065	0.000133044178642	1
1066	5.36327709213e-05	129
1067	8.25466680912e-05	9
1068	8.90624759042e-05	4
1069	5.68906748278e-05	52
1070	5.97413407459e-05	35
1071	5.72979128161e-05	54
1072	5.36327709213e-05	129
1073	5.36327709213e-05	129
1074	5.36327709213e-05	129
1075	5.36327709213e-05	129
1076	5.36327709213e-05	129
1077	5.36327709213e-05	129
1078	5.36327709213e-05	129
1079	5.36327709213e-05	129
1080	5.36327709213e-05	129
1081	5.44472468979e-05	133
1082	5.44472468979e-05	133
1083	5.44472468979e-05	133
1084	5.44472468979e-05	133
1085	5.97413407459e-05	35
1086	5.44472468979e-05	133
1087	5.44472468979e-05	133
1088	5.44472468979e-05	133
1089	5.44472468979e-05	133
1090	5.77051508044e-05	56
1091	5.11893429914e-05	41
1092	5.81123887927e-05	73
1093	5.81123887927e-05	73
1094	0.000106573709401	1
1095	8.29539060795e-05	3
1096	5.81123887927e-05	73
1097	5.93341027576e-05	45
1098	5.93341027576e-05	45
1099	5.93341027576e-05	45
1100	5.93341027576e-05	45
1101	5.93341027576e-05	45
1102	5.93341027576e-05	45
1103	7.4401908325e-05	13
1104	7.4401908325e-05	13
1105	5.11893429914e-05	41
1106	9.43565697522e-05	8
1107	5.11893429914e-05	41
1108	6.29992446524e-05	26
1109	5.97413407459e-05	35
1110	6.05558167225e-05	24
1111	5.97413407459e-05	35
1112	5.40400089096e-05	95
1113	5.40400089096e-05	95
1114	5.48544848862e-05	121
1115	5.40400089096e-05	95
1116	6.09630547108e-05	42
1117	5.40400089096e-05	95
1118	5.68906748278e-05	52
1119	5.40400089096e-05	95
1120	5.40400089096e-05	95
1121	5.60761988511e-05	58
1122	5.77051508044e-05	56
1123	5.40400089096e-05	95
1124	5.64834368394e-05	83
1125	5.64834368394e-05	83
1126	5.40400089096e-05	95
1127	0.000120419801004	2
1128	6.3813720629e-05	15
1129	5.36327709213e-05	129
1130	5.56689608628e-05	93
1131	5.44472468979e-05	133
1132	6.09630547108e-05	42
1133	5.36327709213e-05	129
1134	5.36327709213e-05	129
1135	5.89268647693e-05	41
1136	7.48091463133e-05	10
1137	5.36327709213e-05	129
1138	8.0917716138e-05	7
1139	5.97413407459e-05	35
1140	5.36327709213e-05	129
1141	5.15965809797e-05	92
1142	5.15965809797e-05	92
1143	5.15965809797e-05	92
1144	5.64834368394e-05	83
1145	0.00010942437532	3
1146	5.44472468979e-05	133
1147	6.82933385004e-05	16
1148	6.78861005121e-05	14
1149	5.15965809797e-05	92
1150	5.15965809797e-05	92
1151	5.24110569564e-05	96
1152	7.35874323484e-05	9
1153	6.46281966056e-05	17
1154	5.48544848862e-05	121
1155	6.82933385004e-05	16
1156	5.24110569564e-05	96
1157	5.24110569564e-05	96
1158	6.21847686758e-05	22
1159	5.56689608628e-05	93
1160	5.24110569564e-05	96
1161	6.17775306875e-05	25
1162	5.28182949447e-05	157
1163	5.28182949447e-05	157
1164	5.15965809797e-05	92
1165	5.81123887927e-05	73
1166	5.15965809797e-05	92
1167	5.44472468979e-05	133
1168	5.15965809797e-05	92
1169	5.15965809797e-05	92
1170	5.15965809797e-05	92
1171	5.15965809797e-05	92
1172	5.15965809797e-05	92
1173	5.11893429914e-05	41
1174	6.82933385004e-05	16
1175	6.78861005121e-05	14
1176	5.77051508044e-05	56
1177	7.23657183835e-05	9
1178	6.54426725822e-05	22
1179	5.3225532933e-05	173
1180	6.54426725822e-05	22
1181	5.56689608628e-05	93
1182	6.01485787342e-05	25
1183	9.31348557872e-05	4
1184	5.97413407459e-05	35
1185	6.50354345939e-05	24
1186	6.58499105706e-05	15
1187	6.29992446524e-05	26
1188	6.29992446524e-05	26
1189	7.48091463133e-05	10
1190	6.01485787342e-05	25
1191	6.01485787342e-05	25
1192	0.000128971798758	4
1193	6.66643865472e-05	16
1194	7.19584803952e-05	13
1195	5.48544848862e-05	121
1196	5.72979128161e-05	54
1197	6.54426725822e-05	22
1198	7.35874323484e-05	9
1199	5.68906748278e-05	52
1200	6.34064826407e-05	23
1201	6.34064826407e-05	23
1202	5.8519626781e-05	58
1203	6.46281966056e-05	17
1204	5.68906748278e-05	52
1205	6.58499105706e-05	15
1206	5.68906748278e-05	52
1207	7.562362229e-05	6
1208	5.72979128161e-05	54
1209	6.25920066641e-05	28
1210	6.50354345939e-05	24
1211	6.25920066641e-05	28
1212	5.3225532933e-05	173
1213	5.64834368394e-05	83
1214	7.88815261964e-05	2
1215	5.15965809797e-05	92
1216	5.48544848862e-05	121
1217	5.15965809797e-05	92
1218	5.64834368394e-05	83
1219	5.64834368394e-05	83
1220	5.28182949447e-05	157
1221	5.56689608628e-05	93
1222	5.15965809797e-05	92
1223	6.99222904536e-05	20
1224	6.74788625238e-05	10
1225	7.07367664303e-05	11
1226	5.15965809797e-05	92
1227	5.15965809797e-05	92
1228	5.48544848862e-05	121
1229	6.34064826407e-05	23
1230	5.97413407459e-05	35
1231	7.31801943601e-05	10
1232	5.81123887927e-05	73
1233	5.15965809797e-05	92
1234	5.81123887927e-05	73
1235	5.36327709213e-05	129
1236	5.28182949447e-05	157
1237	5.56689608628e-05	93
1238	5.44472468979e-05	133
1239	5.15965809797e-05	92
1240	5.8519626781e-05	58
1241	5.81123887927e-05	73
1242	5.68906748278e-05	52
1243	7.80670502198e-05	6
1244	5.15965809797e-05	92
1245	5.15965809797e-05	92
1246	5.89268647693e-05	41
1247	5.60761988511e-05	58
1248	5.8519626781e-05	58
1249	5.15965809797e-05	92
1250	5.15965809797e-05	92
1251	5.15965809797e-05	92
1252	5.15965809797e-05	92
1253	6.29992446524e-05	26
1254	5.15965809797e-05	92
1255	5.15965809797e-05	92
1256	5.36327709213e-05	129
1257	5.28182949447e-05	157
1258	5.15965809797e-05	92
1259	5.48544848862e-05	121
1260	5.28182949447e-05	157
1261	5.15965809797e-05	92
1262	5.56689608628e-05	93
1263	5.15965809797e-05	92
1264	5.52617228745e-05	118
1265	5.15965809797e-05	92
1266	5.15965809797e-05	92
1267	5.15965809797e-05	92
1268	5.15965809797e-05	92
1269	7.35874323484e-05	9
1270	7.35874323484e-05	9
1271	7.27729563718e-05	15
1272	5.36327709213e-05	129
1273	5.28182949447e-05	157
1274	5.36327709213e-05	129
1275	5.77051508044e-05	56
1276	7.39946703367e-05	7
1277	6.25920066641e-05	28
1278	5.93341027576e-05	45
1279	6.17775306875e-05	25
1280	5.77051508044e-05	56
1281	6.05558167225e-05	24
1282	6.34064826407e-05	23
1283	8.6211809986e-05	4
1284	6.74788625238e-05	10
1285	6.46281966056e-05	17
1286	6.29992446524e-05	26
1287	6.50354345939e-05	24
1288	6.29992446524e-05	26
1289	5.8519626781e-05	58
1290	6.09630547108e-05	42
1291	6.29992446524e-05	26
1292	6.70716245355e-05	13
1293	5.93341027576e-05	45
1294	5.68906748278e-05	52
1295	5.93341027576e-05	45
1296	6.70716245355e-05	13
1297	5.93341027576e-05	45
1298	5.68906748278e-05	52
1299	5.68906748278e-05	52
1300	5.68906748278e-05	52
1301	5.81123887927e-05	73
1302	5.97413407459e-05	35
1303	9.96506636002e-05	3
1304	5.93341027576e-05	45
1305	6.09630547108e-05	42
1306	5.68906748278e-05	52
1307	5.24110569564e-05	96
1308	5.24110569564e-05	96
1309	5.48544848862e-05	121
1310	5.24110569564e-05	96
1311	5.24110569564e-05	96
1312	5.24110569564e-05	96
1313	7.39946703367e-05	7
1314	6.74788625238e-05	10
1315	5.36327709213e-05	129
1316	5.40400089096e-05	95
1317	5.97413407459e-05	35
1318	5.48544848862e-05	121
1319	5.48544848862e-05	121
1320	5.48544848862e-05	121
1321	5.48544848862e-05	121
1322	5.48544848862e-05	121
1323	5.48544848862e-05	121
1324	5.36327709213e-05	129
1325	5.60761988511e-05	58
1326	6.29992446524e-05	26
1327	6.34064826407e-05	23
1328	6.13702926992e-05	24
1329	6.9107814477e-05	8
1330	5.93341027576e-05	45
1331	5.40400089096e-05	95
1332	6.54426725822e-05	22
1333	6.50354345939e-05	24
1334	6.78861005121e-05	14
1335	6.09630547108e-05	42
1336	5.89268647693e-05	41
1337	5.68906748278e-05	52
1338	6.29992446524e-05	26
1339	5.60761988511e-05	58
1340	5.60761988511e-05	58
1341	5.24110569564e-05	96
1342	5.60761988511e-05	58
1343	5.44472468979e-05	133
1344	5.52617228745e-05	118
1345	5.52617228745e-05	118
1346	5.52617228745e-05	118
1347	5.52617228745e-05	118
1348	5.72979128161e-05	54
1349	5.52617228745e-05	118
1350	5.3225532933e-05	173
1351	5.3225532933e-05	173
1352	5.3225532933e-05	173
1353	5.60761988511e-05	58
1354	5.3225532933e-05	173
1355	5.64834368394e-05	83
1356	5.28182949447e-05	157
1357	5.28182949447e-05	157
1358	5.28182949447e-05	157
1359	5.28182949447e-05	157
1360	6.42209586173e-05	21
1361	5.44472468979e-05	133
1362	5.81123887927e-05	73
1363	5.81123887927e-05	73
1364	5.28182949447e-05	157
1365	5.44472468979e-05	133
1366	7.39946703367e-05	7
1367	5.44472468979e-05	133
1368	7.31801943601e-05	10
1369	7.0329528442e-05	12
1370	5.28182949447e-05	157
1371	5.28182949447e-05	157
1372	6.17775306875e-05	25
1373	7.76598122315e-05	12
1374	7.4401908325e-05	13
1375	7.27729563718e-05	15
1376	5.56689608628e-05	93
1377	5.44472468979e-05	133
1378	5.56689608628e-05	93
1379	5.97413407459e-05	35
1380	5.28182949447e-05	157
1381	6.21847686758e-05	22
1382	5.56689608628e-05	93
1383	6.78861005121e-05	14
1384	5.72979128161e-05	54
1385	7.07367664303e-05	11
1386	5.8519626781e-05	58
1387	7.4401908325e-05	13
1388	5.11893429914e-05	41
1389	5.52617228745e-05	118
1390	7.27729563718e-05	15
1391	6.9107814477e-05	8
1392	6.95150524653e-05	10
1393	6.95150524653e-05	10
1394	7.72525742432e-05	9
1395	5.93341027576e-05	45
1396	5.52617228745e-05	118
1397	5.60761988511e-05	58
1398	0.000120012563016	1
1399	7.84742882081e-05	6
1400	7.96960021731e-05	4
1401	7.80670502198e-05	6
1402	5.8519626781e-05	58
1403	5.8519626781e-05	58
1404	5.8519626781e-05	58
1405	7.23657183835e-05	9
1406	5.8519626781e-05	58
1407	6.09630547108e-05	42
1408	6.09630547108e-05	42
1409	6.46281966056e-05	17
1410	5.89268647693e-05	41
1411	6.09630547108e-05	42
1412	5.89268647693e-05	41
1413	5.89268647693e-05	41
1414	5.48544848862e-05	121
1415	5.48544848862e-05	121
1416	5.15965809797e-05	92
1417	5.89268647693e-05	41
1418	5.48544848862e-05	121
1419	5.56689608628e-05	93
1420	6.78861005121e-05	14
1421	7.35874323484e-05	9
1422	6.54426725822e-05	22
1423	5.89268647693e-05	41
1424	6.74788625238e-05	10
1425	5.44472468979e-05	133
1426	7.76598122315e-05	12
1427	5.11893429914e-05	41
1428	5.64834368394e-05	83
1429	8.74335239509e-05	3
1430	7.19584803952e-05	13
1431	5.64834368394e-05	83
1432	5.64834368394e-05	83
1433	5.64834368394e-05	83
1434	8.05104781497e-05	2
1435	5.64834368394e-05	83
1436	0.000128971798758	4
1437	8.21394301029e-05	3
1438	6.99222904536e-05	20
1439	6.99222904536e-05	20
1440	5.48544848862e-05	121
1441	5.48544848862e-05	121
1442	5.48544848862e-05	121
1443	5.48544848862e-05	121
1444	5.48544848862e-05	121
1445	5.48544848862e-05	121
1446	5.48544848862e-05	121
1447	9.88361876236e-05	4
1448	6.29992446524e-05	26
1449	7.48091463133e-05	10
1450	5.11893429914e-05	41
1451	9.43565697522e-05	8
1452	8.0917716138e-05	7
1453	7.76598122315e-05	12
1454	7.76598122315e-05	12
1455	5.11893429914e-05	41
1456	7.39946703367e-05	7
1457	5.97413407459e-05	35
1458	5.3225532933e-05	173
1459	5.60761988511e-05	58
1460	5.3225532933e-05	173
1461	9.72072356703e-05	1
1462	8.25466680912e-05	9
1463	6.50354345939e-05	24
1464	6.50354345939e-05	24
1465	6.50354345939e-05	24
1466	6.87005764887e-05	11
1467	9.31348557872e-05	4
1468	7.60308602783e-05	8
1469	6.01485787342e-05	25
1470	6.29992446524e-05	26
1471	7.23657183835e-05	9
1472	6.25920066641e-05	28
1473	0.000137116558525	2
1474	7.64380982666e-05	5
1475	6.99222904536e-05	20
1476	5.36327709213e-05	129
1477	5.36327709213e-05	129
1478	6.95150524653e-05	10
1479	5.48544848862e-05	121
1480	5.8519626781e-05	58
1481	6.3813720629e-05	15
1482	0.000101686853542	5
1483	5.68906748278e-05	52
1484	5.68906748278e-05	52
1485	5.36327709213e-05	129
1486	5.36327709213e-05	129
1487	5.93341027576e-05	45
1488	5.36327709213e-05	129
1489	5.56689608628e-05	93
1490	5.93341027576e-05	45
1491	6.09630547108e-05	42
1492	5.44472468979e-05	133
1493	5.77051508044e-05	56
1494	5.44472468979e-05	133
1495	5.44472468979e-05	133
1496	5.56689608628e-05	93
1497	5.44472468979e-05	133
1498	7.68453362549e-05	2
1499	6.87005764887e-05	11
1500	5.68906748278e-05	52
1501	5.48544848862e-05	121
1502	5.48544848862e-05	121
1503	5.48544848862e-05	121
1504	5.48544848862e-05	121
1505	5.48544848862e-05	121
1506	6.01485787342e-05	25
1507	5.44472468979e-05	133
1508	5.44472468979e-05	133
1509	5.44472468979e-05	133
1510	5.44472468979e-05	133
1511	5.44472468979e-05	133
1512	5.44472468979e-05	133
1513	5.44472468979e-05	133
1514	5.44472468979e-05	133
1515	5.44472468979e-05	133
1516	6.09630547108e-05	42
1517	5.44472468979e-05	133
1518	5.77051508044e-05	56
1519	5.36327709213e-05	129
1520	5.36327709213e-05	129
1521	5.44472468979e-05	133
1522	5.11893429914e-05	41
1523	0.000108202661355	2
1524	0.000100872377565	2
1525	6.21847686758e-05	22
1526	6.99222904536e-05	20
1527	5.52617228745e-05	118
1528	5.52617228745e-05	118
1529	5.52617228745e-05	118
1530	5.52617228745e-05	118
1531	0.000143225128349	1
1532	7.19584803952e-05	13
1533	7.19584803952e-05	13
1534	7.19584803952e-05	13
1535	5.77051508044e-05	56
1536	5.77051508044e-05	56
1537	6.05558167225e-05	24
1538	6.05558167225e-05	24
1539	6.05558167225e-05	24
1540	6.05558167225e-05	24
1541	5.77051508044e-05	56
1542	5.77051508044e-05	56
1543	5.77051508044e-05	56
1544	5.77051508044e-05	56
1545	5.15965809797e-05	92
1546	7.39946703367e-05	7
1547	7.4401908325e-05	13
1548	7.07367664303e-05	11
1549	6.05558167225e-05	24
1550	6.29992446524e-05	26
1551	5.44472468979e-05	133
1552	5.36327709213e-05	129
1553	5.44472468979e-05	133
1554	6.21847686758e-05	22
1555	5.60761988511e-05	58
1556	5.40400089096e-05	95
1557	6.05558167225e-05	24
1558	6.17775306875e-05	25
1559	5.48544848862e-05	121
1560	6.13702926992e-05	24
1561	6.13702926992e-05	24
1562	6.29992446524e-05	26
1563	6.01485787342e-05	25
1564	6.95150524653e-05	10
1565	5.81123887927e-05	73
1566	5.81123887927e-05	73
1567	5.93341027576e-05	45
1568	5.28182949447e-05	157
1569	5.44472468979e-05	133
1570	5.52617228745e-05	118
1571	6.01485787342e-05	25
1572	5.3225532933e-05	173
1573	5.3225532933e-05	173
1574	5.44472468979e-05	133
1575	6.09630547108e-05	42
1576	5.48544848862e-05	121
1577	5.52617228745e-05	118
1578	6.17775306875e-05	25
1579	5.52617228745e-05	118
1580	5.28182949447e-05	157
1581	5.93341027576e-05	45
1582	5.52617228745e-05	118
1583	5.36327709213e-05	129
1584	5.20038189681e-05	163
1585	5.93341027576e-05	45
1586	5.28182949447e-05	157
1587	5.28182949447e-05	157
1588	5.28182949447e-05	157
1589	5.20038189681e-05	163
1590	5.20038189681e-05	163
1591	5.20038189681e-05	163
1592	6.42209586173e-05	21
1593	5.20038189681e-05	163
1594	5.20038189681e-05	163
1595	5.20038189681e-05	163
1596	5.72979128161e-05	54
1597	5.3225532933e-05	173
1598	5.20038189681e-05	163
1599	5.20038189681e-05	163
1600	5.20038189681e-05	163
1601	5.20038189681e-05	163
1602	5.20038189681e-05	163
1603	5.20038189681e-05	163
1604	5.20038189681e-05	163
1605	5.20038189681e-05	163
1606	5.20038189681e-05	163
1607	5.20038189681e-05	163
1608	5.20038189681e-05	163
1609	5.20038189681e-05	163
1610	6.05558167225e-05	24
1611	5.20038189681e-05	163
1612	5.20038189681e-05	163
1613	5.20038189681e-05	163
1614	5.28182949447e-05	157
1615	5.48544848862e-05	121
1616	5.20038189681e-05	163
1617	5.20038189681e-05	163
1618	5.20038189681e-05	163
1619	5.20038189681e-05	163
1620	5.20038189681e-05	163
1621	5.48544848862e-05	121
1622	5.56689608628e-05	93
1623	6.09630547108e-05	42
1624	5.3225532933e-05	173
1625	5.3225532933e-05	173
1626	5.3225532933e-05	173
1627	5.48544848862e-05	121
1628	5.3225532933e-05	173
1629	5.40400089096e-05	95
1630	5.3225532933e-05	173
1631	5.77051508044e-05	56
1632	6.05558167225e-05	24
1633	5.97413407459e-05	35
1634	5.28182949447e-05	157
1635	5.28182949447e-05	157
1636	5.77051508044e-05	56
1637	5.11893429914e-05	41
1638	5.56689608628e-05	93
1639	6.95150524653e-05	10
1640	6.99222904536e-05	20
1641	7.0329528442e-05	12
1642	8.29539060795e-05	3
1643	7.48091463133e-05	10
1644	6.70716245355e-05	13
1645	6.3813720629e-05	15
1646	5.56689608628e-05	93
1647	9.51710457288e-05	3
1648	7.48091463133e-05	10
1649	6.87005764887e-05	11
1650	6.09630547108e-05	42
1651	7.4401908325e-05	13
1652	6.09630547108e-05	42
1653	6.25920066641e-05	28
1654	7.4401908325e-05	13
1655	7.27729563718e-05	15
1656	8.45828580328e-05	3
1657	6.25920066641e-05	28
1658	8.25466680912e-05	9
1659	9.88361876236e-05	4
1660	6.29992446524e-05	26
1661	7.84742882081e-05	6
1662	6.29992446524e-05	26
1663	6.66643865472e-05	16
1664	8.01032401614e-05	1
1665	5.28182949447e-05	157
1666	5.28182949447e-05	157
1667	5.28182949447e-05	157
1668	8.82479999275e-05	6
1669	5.28182949447e-05	157
1670	7.72525742432e-05	9
1671	5.28182949447e-05	157
1672	5.28182949447e-05	157
1673	6.3813720629e-05	15
1674	5.28182949447e-05	157
1675	5.28182949447e-05	157
1676	5.28182949447e-05	157
1677	5.28182949447e-05	157
1678	0.000122048752957	2
1679	5.28182949447e-05	157
1680	5.28182949447e-05	157
1681	5.28182949447e-05	157
1682	5.28182949447e-05	157
1683	5.28182949447e-05	157
1684	5.28182949447e-05	157
1685	5.28182949447e-05	157
1686	9.59855217054e-05	4
1687	6.05558167225e-05	24
1688	5.44472468979e-05	133
1689	5.44472468979e-05	133
1690	5.44472468979e-05	133
1691	5.44472468979e-05	133
1692	5.44472468979e-05	133
1693	5.11893429914e-05	41
1694	9.43565697522e-05	8
1695	5.11893429914e-05	41
1696	6.13702926992e-05	24
1697	6.42209586173e-05	21
1698	0.000121234276981	2
1699	8.33611440678e-05	4
1700	6.09630547108e-05	42
1701	5.40400089096e-05	95
1702	9.27276177989e-05	2
1703	6.09630547108e-05	42
1704	6.42209586173e-05	21
1705	5.40400089096e-05	95
1706	5.8519626781e-05	58
1707	5.40400089096e-05	95
1708	5.40400089096e-05	95
1709	5.56689608628e-05	93
1710	5.81123887927e-05	73
1711	5.56689608628e-05	93
1712	5.8519626781e-05	58
1713	5.56689608628e-05	93
1714	8.0917716138e-05	7
1715	5.56689608628e-05	93
1716	5.56689608628e-05	93
1717	6.17775306875e-05	25
1718	8.6211809986e-05	4
1719	0.000102501329518	1
1720	0.000131822464677	1
1721	8.37683820561e-05	3
1722	5.8519626781e-05	58
1723	5.60761988511e-05	58
1724	5.8519626781e-05	58
1725	5.36327709213e-05	129
1726	5.36327709213e-05	129
1727	5.36327709213e-05	129
1728	5.36327709213e-05	129
1729	5.36327709213e-05	129
1730	5.36327709213e-05	129
1731	5.36327709213e-05	129
1732	5.36327709213e-05	129
1733	5.36327709213e-05	129
1734	5.36327709213e-05	129
1735	5.36327709213e-05	129
1736	5.36327709213e-05	129
1737	5.36327709213e-05	129
1738	5.36327709213e-05	129
1739	5.36327709213e-05	129
1740	5.36327709213e-05	129
1741	5.68906748278e-05	52
1742	5.81123887927e-05	73
1743	5.36327709213e-05	129
1744	5.44472468979e-05	133
1745	6.87005764887e-05	11
1746	5.44472468979e-05	133
1747	5.44472468979e-05	133
1748	5.44472468979e-05	133
1749	5.44472468979e-05	133
1750	5.44472468979e-05	133
1751	5.44472468979e-05	133
1752	5.44472468979e-05	133
1753	5.3225532933e-05	173
1754	5.3225532933e-05	173
1755	5.3225532933e-05	173
1756	5.3225532933e-05	173
1757	5.3225532933e-05	173
1758	5.3225532933e-05	173
1759	5.3225532933e-05	173
1760	5.3225532933e-05	173
1761	5.3225532933e-05	173
1762	5.3225532933e-05	173
1763	5.3225532933e-05	173
1764	6.62571485589e-05	18
1765	6.62571485589e-05	18
1766	6.62571485589e-05	18
1767	5.56689608628e-05	93
1768	5.11893429914e-05	41
1769	8.45828580328e-05	3
1770	6.54426725822e-05	22
1771	6.54426725822e-05	22
1772	8.70262859626e-05	4
1773	6.50354345939e-05	24
1774	6.50354345939e-05	24
1775	6.50354345939e-05	24
1776	5.44472468979e-05	133
1777	5.44472468979e-05	133
1778	5.44472468979e-05	133
1779	5.44472468979e-05	133
1780	5.44472468979e-05	133
1781	5.44472468979e-05	133
1782	5.44472468979e-05	133
1783	5.44472468979e-05	133
1784	5.44472468979e-05	133
1785	5.44472468979e-05	133
1786	5.44472468979e-05	133
1787	5.44472468979e-05	133
1788	5.44472468979e-05	133
1789	5.44472468979e-05	133
1790	5.44472468979e-05	133
1791	5.44472468979e-05	133
1792	5.11893429914e-05	41
1793	5.81123887927e-05	73
1794	6.99222904536e-05	20
1795	5.81123887927e-05	73
1796	5.81123887927e-05	73
1797	5.81123887927e-05	73
1798	5.81123887927e-05	73
1799	7.562362229e-05	6
1800	5.52617228745e-05	118
1801	5.52617228745e-05	118
1802	5.52617228745e-05	118
1803	5.52617228745e-05	118
1804	6.95150524653e-05	10
1805	5.52617228745e-05	118
1806	6.34064826407e-05	23
1807	5.52617228745e-05	118
1808	5.52617228745e-05	118
1809	6.34064826407e-05	23
1810	5.52617228745e-05	118
1811	5.52617228745e-05	118
1812	5.52617228745e-05	118
1813	5.72979128161e-05	54
1814	5.72979128161e-05	54
1815	6.54426725822e-05	22
1816	5.72979128161e-05	54
1817	5.72979128161e-05	54
1818	5.72979128161e-05	54
1819	5.72979128161e-05	54
1820	5.93341027576e-05	45
1821	6.62571485589e-05	18
1822	6.62571485589e-05	18
1823	5.60761988511e-05	58
1824	5.60761988511e-05	58
1825	5.60761988511e-05	58
1826	6.62571485589e-05	18
1827	5.60761988511e-05	58
1828	5.60761988511e-05	58
1829	5.60761988511e-05	58
1830	5.60761988511e-05	58
1831	5.40400089096e-05	95
1832	5.40400089096e-05	95
1833	5.40400089096e-05	95
1834	5.40400089096e-05	95
1835	5.40400089096e-05	95
1836	5.40400089096e-05	95
1837	5.40400089096e-05	95
1838	5.40400089096e-05	95
1839	5.40400089096e-05	95
1840	5.40400089096e-05	95
1841	5.40400089096e-05	95
1842	5.40400089096e-05	95
1843	5.40400089096e-05	95
1844	5.40400089096e-05	95
1845	5.60761988511e-05	58
1846	5.11893429914e-05	41
1847	5.3225532933e-05	173
1848	5.3225532933e-05	173
1849	7.15512424069e-05	10
1850	5.52617228745e-05	118
1851	5.52617228745e-05	118
1852	5.77051508044e-05	56
1853	5.52617228745e-05	118
1854	5.56689608628e-05	93
1855	9.43565697522e-05	8
1856	8.37683820561e-05	3
1857	6.29992446524e-05	26
1858	5.3225532933e-05	173
1859	5.93341027576e-05	45
1860	5.3225532933e-05	173
1861	6.13702926992e-05	24
1862	5.3225532933e-05	173
1863	5.3225532933e-05	173
1864	5.44472468979e-05	133
1865	5.44472468979e-05	133
1866	5.44472468979e-05	133
1867	5.44472468979e-05	133
1868	5.44472468979e-05	133
1869	5.68906748278e-05	52
1870	5.68906748278e-05	52
1871	5.3225532933e-05	173
1872	5.3225532933e-05	173
1873	6.42209586173e-05	21
1874	5.77051508044e-05	56
1875	5.36327709213e-05	129
1876	5.48544848862e-05	121
1877	5.48544848862e-05	121
1878	6.54426725822e-05	22
1879	5.48544848862e-05	121
1880	5.48544848862e-05	121
1881	5.48544848862e-05	121
1882	5.48544848862e-05	121
1883	5.48544848862e-05	121
1884	5.52617228745e-05	118
1885	5.52617228745e-05	118
1886	5.52617228745e-05	118
1887	5.52617228745e-05	118
1888	5.81123887927e-05	73
1889	5.56689608628e-05	93
1890	5.56689608628e-05	93
1891	5.81123887927e-05	73
1892	5.81123887927e-05	73
1893	5.56689608628e-05	93
1894	6.34064826407e-05	23
1895	5.56689608628e-05	93
1896	5.56689608628e-05	93
1897	5.56689608628e-05	93
1898	6.13702926992e-05	24
1899	5.81123887927e-05	73
1900	5.3225532933e-05	173
1901	5.3225532933e-05	173
1902	5.3225532933e-05	173
1903	5.89268647693e-05	41
1904	5.3225532933e-05	173
1905	5.3225532933e-05	173
1906	5.3225532933e-05	173
1907	5.3225532933e-05	173
1908	0.0001310079887	4
1909	5.81123887927e-05	73
1910	5.81123887927e-05	73
1911	6.54426725822e-05	22
1912	5.81123887927e-05	73
1913	6.17775306875e-05	25
1914	6.01485787342e-05	25
1915	6.62571485589e-05	18
1916	7.0329528442e-05	12
1917	5.44472468979e-05	133
1918	5.44472468979e-05	133
1919	5.44472468979e-05	133
1920	5.28182949447e-05	157
1921	5.28182949447e-05	157
1922	5.93341027576e-05	45
1923	5.93341027576e-05	45
1924	5.28182949447e-05	157
1925	5.28182949447e-05	157
1926	5.44472468979e-05	133
1927	5.60761988511e-05	58
1928	5.28182949447e-05	157
1929	5.28182949447e-05	157
1930	5.28182949447e-05	157
1931	5.28182949447e-05	157
1932	5.28182949447e-05	157
1933	5.93341027576e-05	45
1934	5.3225532933e-05	173
1935	5.89268647693e-05	41
1936	5.3225532933e-05	173
1937	5.3225532933e-05	173
1938	5.48544848862e-05	121
1939	5.48544848862e-05	121
1940	7.80670502198e-05	6
1941	5.40400089096e-05	95
1942	5.40400089096e-05	95
1943	5.40400089096e-05	95
1944	5.40400089096e-05	95
1945	5.40400089096e-05	95
1946	5.44472468979e-05	133
1947	5.28182949447e-05	157
1948	5.28182949447e-05	157
1949	5.28182949447e-05	157
1950	5.28182949447e-05	157
1951	5.81123887927e-05	73
1952	5.44472468979e-05	133
1953	5.64834368394e-05	83
1954	5.64834368394e-05	83
1955	5.64834368394e-05	83
1956	5.11893429914e-05	41
1957	5.20038189681e-05	163
1958	6.09630547108e-05	42
1959	5.89268647693e-05	41
1960	6.66643865472e-05	16
1961	5.28182949447e-05	157
1962	6.21847686758e-05	22
1963	5.93341027576e-05	45
1964	5.81123887927e-05	73
1965	5.20038189681e-05	163
1966	9.51710457288e-05	3
1967	5.97413407459e-05	35
1968	5.97413407459e-05	35
1969	7.31801943601e-05	10
1970	6.78861005121e-05	14
1971	5.68906748278e-05	52
1972	6.62571485589e-05	18
1973	7.15512424069e-05	10
1974	5.68906748278e-05	52
1975	6.09630547108e-05	42
1976	6.58499105706e-05	15
1977	5.68906748278e-05	52
1978	7.15512424069e-05	10
1979	5.68906748278e-05	52
1980	5.68906748278e-05	52
1981	5.68906748278e-05	52
1982	7.52163843017e-05	5
1983	5.56689608628e-05	93
1984	5.8519626781e-05	58
1985	5.52617228745e-05	118
1986	5.52617228745e-05	118
1987	5.52617228745e-05	118
1988	7.31801943601e-05	10
1989	6.25920066641e-05	28
1990	6.70716245355e-05	13
1991	5.56689608628e-05	93
1992	5.77051508044e-05	56
1993	9.59855217054e-05	4
1994	6.70716245355e-05	13
1995	5.36327709213e-05	129
1996	5.28182949447e-05	157
1997	5.28182949447e-05	157
1998	5.28182949447e-05	157
1999	5.28182949447e-05	157
2000	5.36327709213e-05	129
2001	5.28182949447e-05	157
2002	5.28182949447e-05	157
2003	5.44472468979e-05	133
2004	5.28182949447e-05	157
2005	5.28182949447e-05	157
2006	5.28182949447e-05	157
2007	5.28182949447e-05	157
2008	5.28182949447e-05	157
2009	5.28182949447e-05	157
2010	5.28182949447e-05	157
2011	7.562362229e-05	6
2012	5.3225532933e-05	173
2013	9.84289496353e-05	2
2014	5.77051508044e-05	56
2015	6.58499105706e-05	15
2016	6.21847686758e-05	22
2017	5.3225532933e-05	173
2018	5.3225532933e-05	173
2019	5.68906748278e-05	52
2020	5.56689608628e-05	93
2021	5.36327709213e-05	129
2022	5.36327709213e-05	129
2023	5.36327709213e-05	129
2024	5.36327709213e-05	129
2025	5.15965809797e-05	92
2026	5.15965809797e-05	92
2027	5.15965809797e-05	92
2028	5.15965809797e-05	92
2029	5.3225532933e-05	173
2030	5.15965809797e-05	92
2031	5.15965809797e-05	92
2032	5.15965809797e-05	92
2033	5.15965809797e-05	92
2034	5.15965809797e-05	92
2035	5.15965809797e-05	92
2036	5.15965809797e-05	92
2037	5.15965809797e-05	92
2038	5.15965809797e-05	92
2039	5.15965809797e-05	92
2040	5.15965809797e-05	92
2041	5.15965809797e-05	92
2042	5.15965809797e-05	92
2043	5.3225532933e-05	173
2044	5.15965809797e-05	92
2045	5.28182949447e-05	157
2046	5.28182949447e-05	157
2047	5.8519626781e-05	58
2048	5.28182949447e-05	157
2049	5.28182949447e-05	157
2050	5.77051508044e-05	56
2051	7.15512424069e-05	10
2052	6.58499105706e-05	15
2053	6.82933385004e-05	16
2054	5.20038189681e-05	163
2055	5.36327709213e-05	129
2056	5.48544848862e-05	121
2057	6.42209586173e-05	21
2058	6.42209586173e-05	21
2059	6.42209586173e-05	21
2060	6.01485787342e-05	25
2061	7.72525742432e-05	9
2062	5.36327709213e-05	129
2063	5.48544848862e-05	121
2064	5.48544848862e-05	121
2065	5.89268647693e-05	41
2066	6.54426725822e-05	22
2067	5.8519626781e-05	58
2068	5.89268647693e-05	41
2069	6.13702926992e-05	24
2070	6.99222904536e-05	20
2071	5.44472468979e-05	133
2072	5.36327709213e-05	129
2073	5.11893429914e-05	41
2074	7.23657183835e-05	9
2075	8.90624759042e-05	4
2076	7.23657183835e-05	9
2077	6.54426725822e-05	22
2078	5.81123887927e-05	73
2079	7.15512424069e-05	10
2080	7.15512424069e-05	10
2081	5.64834368394e-05	83
2082	5.64834368394e-05	83
2083	5.64834368394e-05	83
2084	5.64834368394e-05	83
2085	5.64834368394e-05	83
2086	5.64834368394e-05	83
2087	5.64834368394e-05	83
2088	5.64834368394e-05	83
2089	5.64834368394e-05	83
2090	5.64834368394e-05	83
2091	6.34064826407e-05	23
2092	5.64834368394e-05	83
2093	5.64834368394e-05	83
2094	5.64834368394e-05	83
2095	8.17321921146e-05	6
2096	5.81123887927e-05	73
2097	5.81123887927e-05	73
2098	5.81123887927e-05	73
2099	5.81123887927e-05	73
2100	5.20038189681e-05	163
2101	5.20038189681e-05	163
2102	5.20038189681e-05	163
2103	5.20038189681e-05	163
2104	5.8519626781e-05	58
2105	5.20038189681e-05	163
2106	5.20038189681e-05	163
2107	5.20038189681e-05	163
2108	5.20038189681e-05	163
2109	5.20038189681e-05	163
2110	5.20038189681e-05	163
2111	5.20038189681e-05	163
2112	5.20038189681e-05	163
2113	5.20038189681e-05	163
2114	5.20038189681e-05	163
2115	5.20038189681e-05	163
2116	5.20038189681e-05	163
2117	5.20038189681e-05	163
2118	5.8519626781e-05	58
2119	5.8519626781e-05	58
2120	5.20038189681e-05	163
2121	5.20038189681e-05	163
2122	5.20038189681e-05	163
2123	5.20038189681e-05	163
2124	6.66643865472e-05	16
2125	5.20038189681e-05	163
2126	5.44472468979e-05	133
2127	5.20038189681e-05	163
2128	5.8519626781e-05	58
2129	5.20038189681e-05	163
2130	5.97413407459e-05	35
2131	5.20038189681e-05	163
2132	5.20038189681e-05	163
2133	5.20038189681e-05	163
2134	5.20038189681e-05	163
2135	5.20038189681e-05	163
2136	6.25920066641e-05	28
2137	5.20038189681e-05	163
2138	5.20038189681e-05	163
2139	5.20038189681e-05	163
2140	5.20038189681e-05	163
2141	5.20038189681e-05	163
2142	5.20038189681e-05	163
2143	5.20038189681e-05	163
2144	5.20038189681e-05	163
2145	5.20038189681e-05	163
2146	7.76598122315e-05	12
2147	5.20038189681e-05	163
2148	5.81123887927e-05	73
2149	5.81123887927e-05	73
2150	5.81123887927e-05	73
2151	5.11893429914e-05	41
2152	6.01485787342e-05	25
2153	5.93341027576e-05	45
2154	7.52163843017e-05	5
2155	5.89268647693e-05	41
2156	6.34064826407e-05	23
2157	5.97413407459e-05	35
2158	5.89268647693e-05	41
2159	5.52617228745e-05	118
2160	5.52617228745e-05	118
2161	5.3225532933e-05	173
2162	5.36327709213e-05	129
2163	5.36327709213e-05	129
2164	5.36327709213e-05	129
2165	5.60761988511e-05	58
2166	5.40400089096e-05	95
2167	5.56689608628e-05	93
2168	5.40400089096e-05	95
2169	5.40400089096e-05	95
2170	5.3225532933e-05	173
2171	5.40400089096e-05	95
2172	5.40400089096e-05	95
2173	5.3225532933e-05	173
2174	5.48544848862e-05	121
2175	5.48544848862e-05	121
2176	5.48544848862e-05	121
2177	5.60761988511e-05	58
2178	6.01485787342e-05	25
2179	5.40400089096e-05	95
2180	5.60761988511e-05	58
2181	5.60761988511e-05	58
2182	5.60761988511e-05	58
2183	5.60761988511e-05	58
2184	5.60761988511e-05	58
2185	5.60761988511e-05	58
2186	5.89268647693e-05	41
2187	5.24110569564e-05	96
2188	5.20038189681e-05	163
2189	5.20038189681e-05	163
2190	5.20038189681e-05	163
2191	5.20038189681e-05	163
2192	5.20038189681e-05	163
2193	5.40400089096e-05	95
2194	5.20038189681e-05	163
2195	5.20038189681e-05	163
2196	5.20038189681e-05	163
2197	5.20038189681e-05	163
2198	5.77051508044e-05	56
2199	5.20038189681e-05	163
2200	5.20038189681e-05	163
2201	5.20038189681e-05	163
2202	5.20038189681e-05	163
2203	5.20038189681e-05	163
2204	5.72979128161e-05	54
2205	5.20038189681e-05	163
2206	5.20038189681e-05	163
2207	5.20038189681e-05	163
2208	5.20038189681e-05	163
2209	5.20038189681e-05	163
2210	5.77051508044e-05	56
2211	5.20038189681e-05	163
2212	5.36327709213e-05	129
2213	5.36327709213e-05	129
2214	5.40400089096e-05	95
2215	5.40400089096e-05	95
2216	5.40400089096e-05	95
2217	5.40400089096e-05	95
2218	5.40400089096e-05	95
2219	5.44472468979e-05	133
2220	5.64834368394e-05	83
2221	6.82933385004e-05	16
2222	5.11893429914e-05	41
2223	8.21394301029e-05	3
2224	7.07367664303e-05	11
2225	7.07367664303e-05	11
2226	6.82933385004e-05	16
2227	5.81123887927e-05	73
2228	5.81123887927e-05	73
2229	5.8519626781e-05	58
2230	5.81123887927e-05	73
2231	6.70716245355e-05	13
2232	5.81123887927e-05	73
2233	5.48544848862e-05	121
2234	5.40400089096e-05	95
2235	6.09630547108e-05	42
2236	7.23657183835e-05	9
2237	5.68906748278e-05	52
2238	5.68906748278e-05	52
2239	5.36327709213e-05	129
2240	5.60761988511e-05	58
2241	5.56689608628e-05	93
2242	5.56689608628e-05	93
2243	5.56689608628e-05	93
2244	7.27729563718e-05	15
2245	5.56689608628e-05	93
2246	5.56689608628e-05	93
2247	5.56689608628e-05	93
2248	5.56689608628e-05	93
2249	5.56689608628e-05	93
2250	5.56689608628e-05	93
2251	5.72979128161e-05	54
2252	5.3225532933e-05	173
2253	5.3225532933e-05	173
2254	6.50354345939e-05	24
2255	5.3225532933e-05	173
2256	5.3225532933e-05	173
2257	7.23657183835e-05	9
2258	6.21847686758e-05	22
2259	5.3225532933e-05	173
2260	5.3225532933e-05	173
2261	5.3225532933e-05	173
2262	5.36327709213e-05	129
2263	5.36327709213e-05	129
2264	5.36327709213e-05	129
2265	5.36327709213e-05	129
2266	5.36327709213e-05	129
2267	5.36327709213e-05	129
2268	5.11893429914e-05	41
2269	5.24110569564e-05	96
2270	5.24110569564e-05	96
2271	5.24110569564e-05	96
2272	5.24110569564e-05	96
2273	5.77051508044e-05	56
2274	5.60761988511e-05	58
2275	5.48544848862e-05	121
2276	5.48544848862e-05	121
2277	6.62571485589e-05	18
2278	5.56689608628e-05	93
2279	5.36327709213e-05	129
2280	6.66643865472e-05	16
2281	5.36327709213e-05	129
2282	5.36327709213e-05	129
2283	5.36327709213e-05	129
2284	5.36327709213e-05	129
2285	6.09630547108e-05	42
2286	5.36327709213e-05	129
2287	6.50354345939e-05	24
2288	5.40400089096e-05	95
2289	5.97413407459e-05	35
2290	5.97413407459e-05	35
2291	5.52617228745e-05	118
2292	5.52617228745e-05	118
2293	5.68906748278e-05	52
2294	5.28182949447e-05	157
2295	5.44472468979e-05	133
2296	5.20038189681e-05	163
2297	5.20038189681e-05	163
2298	6.05558167225e-05	24
2299	5.24110569564e-05	96
2300	5.20038189681e-05	163
2301	5.20038189681e-05	163
2302	5.20038189681e-05	163
2303	6.05558167225e-05	24
2304	5.20038189681e-05	163
2305	5.40400089096e-05	95
2306	5.72979128161e-05	54
2307	5.40400089096e-05	95
2308	5.40400089096e-05	95
2309	5.40400089096e-05	95
2310	5.40400089096e-05	95
2311	5.40400089096e-05	95
2312	6.01485787342e-05	25
2313	5.36327709213e-05	129
2314	6.13702926992e-05	24
2315	5.52617228745e-05	118
2316	5.52617228745e-05	118
2317	5.56689608628e-05	93
2318	5.72979128161e-05	54
2319	5.81123887927e-05	73
2320	5.52617228745e-05	118
2321	5.56689608628e-05	93
2322	5.36327709213e-05	129
2323	5.81123887927e-05	73
2324	5.28182949447e-05	157
2325	5.28182949447e-05	157
2326	5.40400089096e-05	95
2327	5.28182949447e-05	157
2328	5.28182949447e-05	157
2329	5.24110569564e-05	96
2330	5.24110569564e-05	96
2331	5.64834368394e-05	83
2332	5.36327709213e-05	129
2333	5.11893429914e-05	41
2334	6.17775306875e-05	25
2335	6.17775306875e-05	25
2336	6.17775306875e-05	25
2337	6.17775306875e-05	25
2338	7.72525742432e-05	9
2339	7.72525742432e-05	9
2340	6.13702926992e-05	24
2341	6.13702926992e-05	24
2342	0.000113903993191	2
2343	6.13702926992e-05	24
2344	6.13702926992e-05	24
2345	6.13702926992e-05	24
2346	5.11893429914e-05	41
2347	6.78861005121e-05	14
2348	6.54426725822e-05	22
2349	5.44472468979e-05	133
2350	5.44472468979e-05	133
2351	5.44472468979e-05	133
2352	5.44472468979e-05	133
2353	5.44472468979e-05	133
2354	5.44472468979e-05	133
2355	5.3225532933e-05	173
2356	5.3225532933e-05	173
2357	5.3225532933e-05	173
2358	5.93341027576e-05	45
2359	5.3225532933e-05	173
2360	5.3225532933e-05	173
2361	5.72979128161e-05	54
2362	5.3225532933e-05	173
2363	5.11893429914e-05	41
2364	5.81123887927e-05	73
2365	5.44472468979e-05	133
2366	5.56689608628e-05	93
2367	5.56689608628e-05	93
2368	5.56689608628e-05	93
2369	5.15965809797e-05	92
2370	5.60761988511e-05	58
2371	5.48544848862e-05	121
2372	5.72979128161e-05	54
2373	5.93341027576e-05	45
2374	5.89268647693e-05	41
2375	5.64834368394e-05	83
2376	5.40400089096e-05	95
2377	5.56689608628e-05	93
2378	5.15965809797e-05	92
2379	5.15965809797e-05	92
2380	5.15965809797e-05	92
2381	5.15965809797e-05	92
2382	5.15965809797e-05	92
2383	5.15965809797e-05	92
2384	5.3225532933e-05	173
2385	5.3225532933e-05	173
2386	5.64834368394e-05	83
2387	5.72979128161e-05	54
2388	5.36327709213e-05	129
2389	5.36327709213e-05	129
2390	5.36327709213e-05	129
2391	5.89268647693e-05	41
2392	5.52617228745e-05	118
2393	5.44472468979e-05	133
2394	5.3225532933e-05	173
2395	0.000102908567507	3
2396	6.13702926992e-05	24
2397	5.64834368394e-05	83
2398	5.20038189681e-05	163
2399	5.20038189681e-05	163
2400	5.48544848862e-05	121
2401	5.36327709213e-05	129
2402	5.20038189681e-05	163
2403	5.20038189681e-05	163
2404	5.77051508044e-05	56
2405	6.3813720629e-05	15
2406	5.60761988511e-05	58
2407	5.48544848862e-05	121
2408	5.48544848862e-05	121
2409	5.3225532933e-05	173
2410	5.3225532933e-05	173
2411	5.81123887927e-05	73
2412	5.24110569564e-05	96
2413	5.24110569564e-05	96
2414	5.24110569564e-05	96
2415	5.20038189681e-05	163
2416	5.36327709213e-05	129
2417	5.24110569564e-05	96
2418	5.24110569564e-05	96
2419	5.24110569564e-05	96
2420	5.24110569564e-05	96
2421	5.24110569564e-05	96
2422	5.24110569564e-05	96
2423	5.24110569564e-05	96
2424	5.24110569564e-05	96
2425	5.24110569564e-05	96
2426	5.24110569564e-05	96
2427	5.24110569564e-05	96
2428	5.24110569564e-05	96
2429	5.3225532933e-05	173
2430	5.3225532933e-05	173
2431	5.36327709213e-05	129
2432	5.11893429914e-05	41
2433	8.6211809986e-05	4
2434	5.11893429914e-05	41
2435	8.17321921146e-05	6
2436	8.25466680912e-05	9
2437	6.05558167225e-05	24
2438	5.56689608628e-05	93
2439	6.17775306875e-05	25
2440	6.17775306875e-05	25
2441	5.72979128161e-05	54
2442	5.72979128161e-05	54
2443	6.58499105706e-05	15
2444	5.72979128161e-05	54
2445	6.17775306875e-05	25
2446	7.80670502198e-05	6
2447	7.562362229e-05	6
2448	6.42209586173e-05	21
2449	5.52617228745e-05	118
2450	5.52617228745e-05	118
2451	5.52617228745e-05	118
2452	5.52617228745e-05	118
2453	6.50354345939e-05	24
2454	5.52617228745e-05	118
2455	5.8519626781e-05	58
2456	5.8519626781e-05	58
2457	5.8519626781e-05	58
2458	5.3225532933e-05	173
2459	5.3225532933e-05	173
2460	6.09630547108e-05	42
2461	5.3225532933e-05	173
2462	5.56689608628e-05	93
2463	5.56689608628e-05	93
2464	5.56689608628e-05	93
2465	6.09630547108e-05	42
2466	6.09630547108e-05	42
2467	6.09630547108e-05	42
2468	5.3225532933e-05	173
2469	5.3225532933e-05	173
2470	5.3225532933e-05	173
2471	5.3225532933e-05	173
2472	5.3225532933e-05	173
2473	5.3225532933e-05	173
2474	5.3225532933e-05	173
2475	6.05558167225e-05	24
2476	5.11893429914e-05	41
2477	5.36327709213e-05	129
2478	6.82933385004e-05	16
2479	5.36327709213e-05	129
2480	5.36327709213e-05	129
2481	5.8519626781e-05	58
2482	5.8519626781e-05	58
2483	5.8519626781e-05	58
2484	7.52163843017e-05	5
2485	7.96960021731e-05	4
2486	5.44472468979e-05	133
2487	6.99222904536e-05	20
2488	6.62571485589e-05	18
2489	5.56689608628e-05	93
2490	5.56689608628e-05	93
2491	5.40400089096e-05	95
2492	5.89268647693e-05	41
2493	5.52617228745e-05	118
2494	5.11893429914e-05	41
2495	5.8519626781e-05	58
2496	5.44472468979e-05	133
2497	5.44472468979e-05	133
2498	5.28182949447e-05	157
2499	5.3225532933e-05	173
2500	5.28182949447e-05	157
2501	5.28182949447e-05	157
2502	5.28182949447e-05	157
2503	5.28182949447e-05	157
2504	5.97413407459e-05	35
2505	5.28182949447e-05	157
2506	5.3225532933e-05	173
2507	5.3225532933e-05	173
2508	5.60761988511e-05	58
2509	5.3225532933e-05	173
2510	5.36327709213e-05	129
2511	5.3225532933e-05	173
2512	5.11893429914e-05	41
2513	0.000103723043483	3
2514	7.27729563718e-05	15
2515	0.000169695597589	1
2516	5.11893429914e-05	41
2517	7.27729563718e-05	15
2518	7.48091463133e-05	10
2519	7.48091463133e-05	10
2520	7.48091463133e-05	10
2521	5.8519626781e-05	58
2522	5.8519626781e-05	58
2523	5.8519626781e-05	58
2524	5.8519626781e-05	58
2525	5.8519626781e-05	58
2526	5.8519626781e-05	58
2527	5.8519626781e-05	58
2528	5.8519626781e-05	58
2529	5.11893429914e-05	41
2530	9.43565697522e-05	8
2531	5.64834368394e-05	83
2532	9.88361876236e-05	4
2533	5.20038189681e-05	163
2534	6.17775306875e-05	25
2535	5.20038189681e-05	163
2536	6.62571485589e-05	18
2537	6.62571485589e-05	18
2538	5.93341027576e-05	45
2539	6.05558167225e-05	24
2540	5.77051508044e-05	56
2541	5.81123887927e-05	73
2542	5.44472468979e-05	133
2543	6.58499105706e-05	15
2544	5.44472468979e-05	133
2545	6.62571485589e-05	18
2546	6.01485787342e-05	25
2547	5.60761988511e-05	58
2548	6.82933385004e-05	16
2549	5.8519626781e-05	58
2550	5.20038189681e-05	163
2551	5.52617228745e-05	118
2552	5.44472468979e-05	133
2553	5.28182949447e-05	157
2554	5.77051508044e-05	56
2555	5.28182949447e-05	157
2556	5.20038189681e-05	163
2557	5.20038189681e-05	163
2558	5.20038189681e-05	163
2559	0.000115940183133	1
2560	7.60308602783e-05	8
2561	5.97413407459e-05	35
2562	5.97413407459e-05	35
2563	6.87005764887e-05	11
2564	5.36327709213e-05	129
2565	5.36327709213e-05	129
2566	5.36327709213e-05	129
2567	5.36327709213e-05	129
2568	5.44472468979e-05	133
2569	6.3813720629e-05	15
2570	6.01485787342e-05	25
2571	5.44472468979e-05	133
2572	5.44472468979e-05	133
2573	5.44472468979e-05	133
2574	5.93341027576e-05	45
2575	6.09630547108e-05	42
2576	6.82933385004e-05	16
2577	5.89268647693e-05	41
2578	5.89268647693e-05	41
2579	5.89268647693e-05	41
2580	5.52617228745e-05	118
2581	5.81123887927e-05	73
2582	5.81123887927e-05	73
2583	5.28182949447e-05	157
2584	5.52617228745e-05	118
2585	5.56689608628e-05	93
2586	5.28182949447e-05	157
2587	5.52617228745e-05	118
2588	5.68906748278e-05	52
2589	6.46281966056e-05	17
2590	5.52617228745e-05	118
2591	5.52617228745e-05	118
2592	5.52617228745e-05	118
2593	5.72979128161e-05	54
2594	6.29992446524e-05	26
2595	5.3225532933e-05	173
2596	5.3225532933e-05	173
2597	5.3225532933e-05	173
2598	5.3225532933e-05	173
2599	5.3225532933e-05	173
2600	5.3225532933e-05	173
2601	5.3225532933e-05	173
2602	5.3225532933e-05	173
2603	5.44472468979e-05	133
2604	5.64834368394e-05	83
2605	5.64834368394e-05	83
2606	6.21847686758e-05	22
2607	5.44472468979e-05	133
2608	5.44472468979e-05	133
2609	5.8519626781e-05	58
2610	5.44472468979e-05	133
2611	5.81123887927e-05	73
2612	5.60761988511e-05	58
2613	5.36327709213e-05	129
2614	5.20038189681e-05	163
2615	5.20038189681e-05	163
2616	5.20038189681e-05	163
2617	5.20038189681e-05	163
2618	5.20038189681e-05	163
2619	5.20038189681e-05	163
2620	6.09630547108e-05	42
2621	6.25920066641e-05	28
2622	6.25920066641e-05	28
2623	5.8519626781e-05	58
2624	5.8519626781e-05	58
2625	5.36327709213e-05	129
2626	5.56689608628e-05	93
2627	5.56689608628e-05	93
2628	5.52617228745e-05	118
2629	5.52617228745e-05	118
2630	5.52617228745e-05	118
2631	5.52617228745e-05	118
2632	5.52617228745e-05	118
2633	5.52617228745e-05	118
2634	5.52617228745e-05	118
2635	5.52617228745e-05	118
2636	5.24110569564e-05	96
2637	5.24110569564e-05	96
2638	5.24110569564e-05	96
2639	5.24110569564e-05	96
2640	5.48544848862e-05	121
2641	5.24110569564e-05	96
2642	5.24110569564e-05	96
2643	6.25920066641e-05	28
2644	5.24110569564e-05	96
2645	5.24110569564e-05	96
2646	5.24110569564e-05	96
2647	6.25920066641e-05	28
2648	5.24110569564e-05	96
2649	5.24110569564e-05	96
2650	5.72979128161e-05	54
2651	5.44472468979e-05	133
2652	5.44472468979e-05	133
2653	5.44472468979e-05	133
2654	5.68906748278e-05	52
2655	5.81123887927e-05	73
2656	5.36327709213e-05	129
2657	5.48544848862e-05	121
2658	6.17775306875e-05	25
2659	5.28182949447e-05	157
2660	5.52617228745e-05	118
2661	5.93341027576e-05	45
2662	5.52617228745e-05	118
2663	5.28182949447e-05	157
2664	5.28182949447e-05	157
2665	5.52617228745e-05	118
2666	5.52617228745e-05	118
2667	5.28182949447e-05	157
2668	5.36327709213e-05	129
2669	5.36327709213e-05	129
2670	5.36327709213e-05	129
2671	5.36327709213e-05	129
2672	5.36327709213e-05	129
2673	5.44472468979e-05	133
2674	5.44472468979e-05	133
2675	5.52617228745e-05	118
2676	5.44472468979e-05	133
2677	5.72979128161e-05	54
2678	5.72979128161e-05	54
2679	5.72979128161e-05	54
2680	5.3225532933e-05	173
2681	5.3225532933e-05	173
2682	5.64834368394e-05	83
2683	5.64834368394e-05	83
2684	5.64834368394e-05	83
2685	5.20038189681e-05	163
2686	5.20038189681e-05	163
2687	5.20038189681e-05	163
2688	5.20038189681e-05	163
2689	5.20038189681e-05	163
2690	5.20038189681e-05	163
2691	5.24110569564e-05	96
2692	5.24110569564e-05	96
2693	5.24110569564e-05	96
2694	5.24110569564e-05	96
2695	5.24110569564e-05	96
2696	5.11893429914e-05	41
2697	0.000141188938408	3
2698	0.000109831613308	2
2699	7.76598122315e-05	12
2700	7.4401908325e-05	13
2701	6.66643865472e-05	16
2702	6.66643865472e-05	16
2703	5.89268647693e-05	41
2704	7.19584803952e-05	13
2705	6.29992446524e-05	26
2706	5.44472468979e-05	133
2707	5.44472468979e-05	133
2708	9.10986658457e-05	3
2709	9.10986658457e-05	3
2710	0.000126528370829	1
2711	8.25466680912e-05	9
2712	5.89268647693e-05	41
2713	8.53973340094e-05	1
2714	7.562362229e-05	6
2715	5.64834368394e-05	83
2716	6.42209586173e-05	21
2717	5.64834368394e-05	83
2718	5.64834368394e-05	83
2719	5.64834368394e-05	83
2720	5.64834368394e-05	83
2721	5.36327709213e-05	129
2722	5.36327709213e-05	129
2723	5.36327709213e-05	129
2724	5.93341027576e-05	45
2725	5.93341027576e-05	45
2726	5.52617228745e-05	118
2727	5.52617228745e-05	118
2728	5.11893429914e-05	41
2729	6.54426725822e-05	22
2730	5.36327709213e-05	129
2731	5.60761988511e-05	58
2732	5.36327709213e-05	129
2733	5.68906748278e-05	52
2734	5.3225532933e-05	173
2735	5.3225532933e-05	173
2736	5.3225532933e-05	173
2737	5.3225532933e-05	173
2738	5.3225532933e-05	173
2739	5.3225532933e-05	173
2740	6.21847686758e-05	22
2741	5.44472468979e-05	133
2742	5.8519626781e-05	58
2743	5.56689608628e-05	93
2744	5.44472468979e-05	133
2745	6.25920066641e-05	28
2746	5.28182949447e-05	157
2747	5.68906748278e-05	52
2748	5.68906748278e-05	52
2749	5.40400089096e-05	95
2750	6.58499105706e-05	15
2751	5.64834368394e-05	83
2752	5.52617228745e-05	118
2753	5.20038189681e-05	163
2754	5.20038189681e-05	163
2755	5.20038189681e-05	163
2756	5.20038189681e-05	163
2757	5.20038189681e-05	163
2758	5.56689608628e-05	93
2759	5.20038189681e-05	163
2760	5.3225532933e-05	173
2761	5.89268647693e-05	41
2762	5.52617228745e-05	118
2763	5.40400089096e-05	95
2764	5.40400089096e-05	95
2765	5.28182949447e-05	157
2766	5.28182949447e-05	157
2767	5.72979128161e-05	54
2768	5.52617228745e-05	118
2769	5.52617228745e-05	118
2770	5.52617228745e-05	118
2771	5.3225532933e-05	173
2772	5.3225532933e-05	173
2773	5.3225532933e-05	173
2774	5.3225532933e-05	173
2775	5.72979128161e-05	54
2776	5.24110569564e-05	96
2777	5.24110569564e-05	96
2778	5.24110569564e-05	96
2779	5.24110569564e-05	96
2780	5.72979128161e-05	54
2781	5.24110569564e-05	96
2782	5.24110569564e-05	96
2783	5.56689608628e-05	93
2784	6.58499105706e-05	15
2785	8.45828580328e-05	3
2786	6.95150524653e-05	10
2787	5.11893429914e-05	41
2788	5.72979128161e-05	54
2789	7.0329528442e-05	12
2790	6.50354345939e-05	24
2791	6.09630547108e-05	42
2792	6.09630547108e-05	42
2793	5.72979128161e-05	54
2794	5.72979128161e-05	54
2795	7.07367664303e-05	11
2796	5.64834368394e-05	83
2797	5.64834368394e-05	83
2798	7.4401908325e-05	13
2799	6.42209586173e-05	21
2800	6.42209586173e-05	21
2801	5.64834368394e-05	83
2802	5.64834368394e-05	83
2803	5.64834368394e-05	83
2804	5.48544848862e-05	121
2805	5.48544848862e-05	121
2806	5.48544848862e-05	121
2807	5.8519626781e-05	58
2808	6.9107814477e-05	8
2809	5.8519626781e-05	58
2810	6.9107814477e-05	8
2811	6.13702926992e-05	24
2812	6.70716245355e-05	13
2813	6.70716245355e-05	13
2814	5.48544848862e-05	121
2815	5.48544848862e-05	121
2816	5.11893429914e-05	41
2817	5.56689608628e-05	93
2818	5.56689608628e-05	93
2819	5.56689608628e-05	93
2820	5.56689608628e-05	93
2821	6.01485787342e-05	25
2822	6.01485787342e-05	25
2823	7.562362229e-05	6
2824	6.01485787342e-05	25
2825	6.66643865472e-05	16
2826	5.60761988511e-05	58
2827	5.60761988511e-05	58
2828	5.60761988511e-05	58
2829	5.60761988511e-05	58
2830	5.60761988511e-05	58
2831	5.40400089096e-05	95
2832	5.40400089096e-05	95
2833	5.40400089096e-05	95
2834	5.40400089096e-05	95
2835	5.11893429914e-05	41
2836	0.000136709320536	1
2837	8.82479999275e-05	6
2838	8.82479999275e-05	6
2839	6.17775306875e-05	25
2840	0.000125713894852	1
2841	5.28182949447e-05	157
2842	5.24110569564e-05	96
2843	5.24110569564e-05	96
2844	5.40400089096e-05	95
2845	5.40400089096e-05	95
2846	5.24110569564e-05	96
2847	5.28182949447e-05	157
2848	5.52617228745e-05	118
2849	5.52617228745e-05	118
2850	5.52617228745e-05	118
2851	5.52617228745e-05	118
2852	5.52617228745e-05	118
2853	6.82933385004e-05	16
2854	5.68906748278e-05	52
2855	6.13702926992e-05	24
2856	5.36327709213e-05	129
2857	5.28182949447e-05	157
2858	5.28182949447e-05	157
2859	6.09630547108e-05	42
2860	5.64834368394e-05	83
2861	6.25920066641e-05	28
2862	5.48544848862e-05	121
2863	5.68906748278e-05	52
2864	5.15965809797e-05	92
2865	5.15965809797e-05	92
2866	5.15965809797e-05	92
2867	5.15965809797e-05	92
2868	5.15965809797e-05	92
2869	5.15965809797e-05	92
2870	5.15965809797e-05	92
2871	5.15965809797e-05	92
2872	5.15965809797e-05	92
2873	5.15965809797e-05	92
2874	5.15965809797e-05	92
2875	5.15965809797e-05	92
2876	5.15965809797e-05	92
2877	5.15965809797e-05	92
2878	5.15965809797e-05	92
2879	5.15965809797e-05	92
2880	5.15965809797e-05	92
2881	5.15965809797e-05	92
2882	5.3225532933e-05	173
2883	5.3225532933e-05	173
2884	5.3225532933e-05	173
2885	5.3225532933e-05	173
2886	5.3225532933e-05	173
2887	5.3225532933e-05	173
2888	5.24110569564e-05	96
2889	5.24110569564e-05	96
2890	5.24110569564e-05	96
2891	5.24110569564e-05	96
2892	5.24110569564e-05	96
2893	5.24110569564e-05	96
2894	5.24110569564e-05	96
2895	5.24110569564e-05	96
2896	5.24110569564e-05	96
2897	5.24110569564e-05	96
2898	5.24110569564e-05	96
2899	5.24110569564e-05	96
2900	5.24110569564e-05	96
2901	5.24110569564e-05	96
2902	5.24110569564e-05	96
2903	5.60761988511e-05	58
2904	5.3225532933e-05	173
2905	5.3225532933e-05	173
2906	5.3225532933e-05	173
2907	5.3225532933e-05	173
2908	5.68906748278e-05	52
2909	5.68906748278e-05	52
2910	5.68906748278e-05	52
2911	5.68906748278e-05	52
2912	5.24110569564e-05	96
2913	5.24110569564e-05	96
2914	5.24110569564e-05	96
2915	5.24110569564e-05	96
2916	5.24110569564e-05	96
2917	5.24110569564e-05	96
2918	5.24110569564e-05	96
2919	5.24110569564e-05	96
2920	5.11893429914e-05	41
2921	7.27729563718e-05	15
2922	5.77051508044e-05	56
2923	5.77051508044e-05	56
2924	5.77051508044e-05	56
2925	5.48544848862e-05	121
2926	5.48544848862e-05	121
2927	5.48544848862e-05	121
2928	5.48544848862e-05	121
2929	5.48544848862e-05	121
2930	5.48544848862e-05	121
2931	5.48544848862e-05	121
2932	5.48544848862e-05	121
2933	5.48544848862e-05	121
2934	5.48544848862e-05	121
2935	5.48544848862e-05	121
2936	5.48544848862e-05	121
2937	5.11893429914e-05	41
2938	5.28182949447e-05	157
2939	5.81123887927e-05	73
2940	5.40400089096e-05	95
2941	5.40400089096e-05	95
