1496091911366	205	43	0	11.83917	1.0	0.98989898989899	1.0	2	0.00370730455055
1496091911366	205	24	0	7.94138	0.6707716841636703	0.9797979797979798	2.0	2	-0.00178181487938
1496091911366	205	27	0	5.34298	0.4512968392209927	0.9696969696969697	3.0	2	-0.0156875841019
1496091911366	205	60	0	4.41469	0.3728884710668062	0.9595959595959596	4.0	2	0.133250523097
1496091911366	205	69	0	4.15559	0.3510034909541801	0.9494949494949495	5.0	2	0.0761636810257
1496091911366	205	63	0	3.52332	0.2975985647642529	0.9393939393939394	6.0	2	0.0567687923733
1496091911366	205	67	0	3.3323	0.2814639877626557	0.9292929292929293	7.0	2	-0.00141587358405
1496091911366	205	42	0	3.10099	0.2619263005768141	0.9191919191919192	8.0	2	0.00663483491319
1496091911366	205	41	0	3.01054	0.25428640690183524	0.9090909090909091	9.0	2	-0.00141587358405
1496091911366	205	58	0	2.95317	0.24944062801699785	0.898989898989899	10.0	2	-0.0193469970552
1496091911366	205	61	0	2.91404	0.24613549767424575	0.8888888888888888	11.0	2	0.0285913126329
1496091911366	205	68	0	2.7825	0.2350249215105451	0.8787878787878788	12.0	2	0.00224353936924
1496091911366	205	85	0	2.75775	0.23293440334077475	0.8686868686868687	13.0	2	0.00663483491319
1496091911366	205	44	0	2.71344	0.22919174232653133	0.8585858585858586	14.0	2	0.0501818490573
1496091911366	205	15	0	2.65867	0.2245655734312456	0.8484848484848485	15.0	2	0.00773265879917
1496091911366	205	70	0	2.65018	0.22384846234997896	0.8383838383838383	16.0	2	0.0227362519077
1496091911366	205	36	0	2.55118	0.21548638967089756	0.8282828282828283	17.0	2	0.024200017089
1496091911366	205	92	0	2.53754	0.21433428187955744	0.8181818181818181	18.0	2	0.018710897659
1496091911366	205	22	0	2.41257	0.20377864326637765	0.8080808080808081	19.0	2	-0.00104993228872
1496091911366	205	72	0	2.36972	0.20015930170780555	0.797979797979798	20.0	2	0.022004369317
1496091911366	205	23	0	2.32179	0.1961108760158018	0.7878787878787878	21.0	2	-0.00141587358405
1496091911366	205	88	0	2.31336	0.19539883285737092	0.7777777777777778	22.0	2	-0.00727093430932
1496091911366	205	26	0	2.28235	0.19277956140506472	0.7676767676767677	23.0	2	0.00663483491319
1496091911366	205	94	0	2.14785	0.1814189677147976	0.7575757575757576	24.0	2	0.0176130737731
1496091911366	205	6	0	2.09498	0.17695328304264574	0.7474747474747474	25.0	2	0.00260948066457
1496091911366	205	59	0	2.07065	0.17489824033272605	0.7373737373737373	26.0	2	0.0179790150684
1496091911366	205	20	0	2.03983	0.17229501730273322	0.7272727272727273	27.0	2	-0.0241042338945
1496091911366	205	64	0	1.99322	0.16835808591311724	0.7171717171717171	28.0	2	-0.0134919363299
1496091911366	205	73	0	1.98006	0.16724652150446356	0.7070707070707071	29.0	2	-0.0193469970552
1496091911366	205	96	0	1.97764	0.1670421152834194	0.696969696969697	30.0	2	-0.00397746265136
1496091911366	205	78	0	1.95858	0.1654322051292447	0.6868686868686869	31.0	2	0.0029754219599
1496091911366	205	25	0	1.94987	0.16469651166424673	0.6767676767676767	32.0	2	0.0205406041357
1496091911366	205	62	0	1.93715	0.16362211202305568	0.6666666666666667	33.0	2	0.00151165677858
1496091911366	205	83	0	1.93641	0.16355960764141406	0.6565656565656566	34.0	2	-0.0248361164851
1496091911366	205	79	0	1.89091	0.1597164328242605	0.6464646464646464	35.0	2	-0.0530135962254
1496091911366	205	9	0	1.86624	0.15763267188493787	0.6363636363636364	36.0	2	-0.00617311042333
1496091911366	205	66	0	1.84457	0.15580230708740564	0.6262626262626263	37.0	2	-0.005807169128
1496091911366	205	10	0	1.83814	0.15525919469016833	0.6161616161616161	38.0	2	0.0113920717525
1496091911366	205	95	0	1.80919	0.1528139219218915	0.6060606060606061	39.0	2	-0.00470934524201
1496091911366	205	93	0	1.80399	0.15237470194278824	0.595959595959596	40.0	2	-0.0735063087639
1496091911366	205	48	0	1.79329	0.15147092237040266	0.5858585858585859	41.0	2	-0.00178181487938
1496091911366	205	50	0	1.69836	0.14345262379035018	0.5757575757575757	42.0	2	0.0106601891618
1496091911366	205	91	0	1.66278	0.14044734554871668	0.5656565656565656	43.0	2	-0.0083687581953
1496091911366	205	31	0	1.62561	0.1373077673519343	0.5555555555555556	44.0	2	-0.06362589379
1496091911366	205	11	0	1.51634	0.12807823521412398	0.5454545454545454	45.0	2	-0.0354484140496
1496091911366	205	30	0	1.51205	0.12771587873136378	0.5353535353535354	46.0	2	-0.032520883687
1496091911366	205	28	0	1.43247	0.12099412374347188	0.5252525252525253	47.0	2	-0.0753360152405
1496091911366	205	90	0	1.41527	0.11954131919720724	0.5151515151515151	48.0	2	-0.030325235915
1496091911366	205	52	0	1.3633	0.11515165336759249	0.505050505050505	49.0	2	-0.0453288290235
1496091911366	205	2	0	1.31005	0.11065387185081386	0.4949494949494949	50.0	2	-0.0383759444123
1496091911366	205	87	0	1.30717	0.11041061155469514	0.48484848484848486	51.0	2	0.00736671750384
1496091911366	205	45	0	1.26179	0.10657757258321318	0.4747474747474747	52.0	2	-0.0460607116142
1496091911366	205	1	0	1.0	0.0844653805967817	0.46464646464646464	53	2	-0.000683990993395
1496091911366	205	3	0	1.0	0.0844653805967817	0.4545454545454546	54	2	0.00151165677858
1496091911366	205	4	0	1.0	0.0844653805967817	0.4444444444444444	55	2	4.78915972635e-05
1496091911366	205	5	0	1.0	0.0844653805967817	0.43434343434343436	56	2	0.00114571548325
1496091911366	205	7	0	1.0	0.0844653805967817	0.4242424242424242	57	2	0.00334136325522
1496091911366	205	8	0	1.0	0.0844653805967817	0.41414141414141414	58	2	0.00187759807391
1496091911366	205	12	0	1.0	0.0844653805967817	0.4040404040404041	59	2	0.00334136325522
1496091911366	205	13	0	1.0	0.0844653805967817	0.3939393939393939	60	2	-0.00251369747004
1496091911366	205	14	0	1.0	0.0844653805967817	0.38383838383838387	61	2	4.78915972635e-05
1496091911366	205	16	0	1.0	0.0844653805967817	0.3737373737373737	62	2	4.78915972635e-05
1496091911366	205	17	0	1.0	0.0844653805967817	0.36363636363636365	63	2	-0.005807169128
1496091911366	205	18	0	1.0	0.0844653805967817	0.3535353535353535	64	2	0.00480512843654
1496091911366	205	19	0	1.0	0.0844653805967817	0.3434343434343434	65	2	0.00480512843654
1496091911366	205	21	0	1.0	0.0844653805967817	0.33333333333333337	66	2	4.78915972635e-05
1496091911366	205	29	0	1.0	0.0844653805967817	0.3232323232323232	67	2	-0.000318049698066
1496091911366	205	32	0	1.0	0.0844653805967817	0.31313131313131315	68	2	-0.00141587358405
1496091911366	205	33	0	1.0	0.0844653805967817	0.303030303030303	69	2	0.0029754219599
1496091911366	205	34	0	1.0	0.0844653805967817	0.29292929292929293	70	2	-0.00104993228872
1496091911366	205	35	0	1.0	0.0844653805967817	0.2828282828282829	71	2	0.00334136325522
1496091911366	205	37	0	1.0	0.0844653805967817	0.2727272727272727	72	2	-0.00287963876537
1496091911366	205	38	0	1.0	0.0844653805967817	0.26262626262626265	73	2	0.00187759807391
1496091911366	205	39	0	1.0	0.0844653805967817	0.2525252525252525	74	2	-0.000318049698066
1496091911366	205	40	0	1.0	0.0844653805967817	0.24242424242424243	75	2	-0.000683990993395
1496091911366	205	46	0	1.0	0.0844653805967817	0.23232323232323238	76	2	0.0029754219599
1496091911366	205	47	0	1.0	0.0844653805967817	0.2222222222222222	77	2	0.000779774187921
1496091911366	205	49	0	1.0	0.0844653805967817	0.21212121212121215	78	2	4.78915972635e-05
1496091911366	205	51	0	1.0	0.0844653805967817	0.202020202020202	79	2	4.78915972635e-05
1496091911366	205	53	0	1.0	0.0844653805967817	0.19191919191919193	80	2	4.78915972635e-05
1496091911366	205	54	0	1.0	0.0844653805967817	0.18181818181818177	81	2	4.78915972635e-05
1496091911366	205	55	0	1.0	0.0844653805967817	0.1717171717171717	82	2	4.78915972635e-05
1496091911366	205	56	0	1.0	0.0844653805967817	0.16161616161616166	83	2	0.00187759807391
1496091911366	205	57	0	1.0	0.0844653805967817	0.1515151515151515	84	2	-0.000318049698066
1496091911366	205	65	0	1.0	0.0844653805967817	0.14141414141414144	85	2	0.00407324584588
1496091911366	205	71	0	1.0	0.0844653805967817	0.13131313131313127	86	2	0.000779774187921
1496091911366	205	74	0	1.0	0.0844653805967817	0.12121212121212122	87	2	-0.00141587358405
1496091911366	205	75	0	1.0	0.0844653805967817	0.11111111111111116	88	2	0.00334136325522
1496091911366	205	76	0	1.0	0.0844653805967817	0.101010101010101	89	2	4.78915972635e-05
1496091911366	205	77	0	1.0	0.0844653805967817	0.09090909090909094	90	2	0.000779774187921
1496091911366	205	80	0	1.0	0.0844653805967817	0.08080808080808077	91	2	0.000779774187921
1496091911366	205	81	0	1.0	0.0844653805967817	0.07070707070707072	92	2	0.000413832892592
1496091911366	205	82	0	1.0	0.0844653805967817	0.06060606060606055	93	2	0.00480512843654
1496091911366	205	84	0	1.0	0.0844653805967817	0.0505050505050505	94	2	4.78915972635e-05
1496091911366	205	86	0	1.0	0.0844653805967817	0.04040404040404044	95	2	4.78915972635e-05
1496091911366	205	89	0	1.0	0.0844653805967817	0.030303030303030276	96	2	0.000779774187921
1496091911366	205	97	0	1.0	0.0844653805967817	0.02020202020202022	97	2	0.000413832892592
1496091911366	205	98	0	1.0	0.0844653805967817	0.010101010101010055	98	2	0.00187759807391
1496091911366	205	99	0	1.0	0.0844653805967817	0.0	99	2	-0.00544122783267
