1496091911526	205	69	0	14.54129	1.0	0.98989898989899	1.0	2	-0.0888364793005
1496091911526	205	31	0	5.66284	0.3894317491776864	0.9797979797979798	2.0	2	-0.141352542472
1496091911526	205	70	0	4.77889	0.3286427820365318	0.9696969696969697	3.0	2	-0.0172236658842
1496091911526	205	96	0	4.52316	0.3110563093095592	0.9595959595959596	4.0	2	-0.00333512025191
1496091911526	205	37	0	4.33348	0.29801207458210377	0.9494949494949495	5.0	2	-0.0029011032009
1496091911526	205	24	0	4.27611	0.2940667574885034	0.9393939393939394	6.0	2	-0.000731017945864
1496091911526	205	2	0	3.87704	0.26662283745114773	0.9292929292929293	7.0	2	-0.0927426327596
1496091911526	205	45	0	3.61681	0.24872690112087717	0.9191919191919192	8.0	2	-0.064097507393
1496091911526	205	92	0	3.55804	0.24468530646180636	0.9090909090909091	9.0	2	-0.0302441774144
1496091911526	205	89	0	3.4525	0.23742735341912583	0.898989898989899	10.0	2	-0.00116503499687
1496091911526	205	30	0	3.40084	0.2338747112532657	0.8888888888888888	11.0	2	-0.0701737461071
1496091911526	205	17	0	2.94035	0.2022069568793415	0.8787878787878788	12.0	2	-0.00116503499687
1496091911526	205	93	0	2.88133	0.19814816979786526	0.8686868686868687	13.0	2	0.0383305166449
1496091911526	205	41	0	2.70534	0.18604539212133175	0.8585858585858586	14.0	2	-0.00116503499687
1496091911526	205	83	0	2.70182	0.18580332281386316	0.8484848484848485	15.0	2	-0.0480388765057
1496091911526	205	5	0	2.63889	0.1814756462459658	0.8383838383838383	16.0	2	-0.00116503499687
1496091911526	205	43	0	2.57284	0.17693340824644854	0.8282828282828283	17.0	2	0.0378964995938
1496091911526	205	20	0	2.56661	0.176504973080105	0.8181818181818181	18.0	2	0.0240079539616
1496091911526	205	58	0	2.41872	0.16633462368194293	0.8080808080808081	19.0	2	0.0222718857576
1496091911526	205	90	0	2.28552	0.15717450102432454	0.797979797979798	20.0	2	-0.0154875976801
1496091911526	205	11	0	2.28441	0.15709816666884435	0.7878787878787878	21.0	2	0.0201018005025
1496091911526	205	28	0	2.2483	0.15461489317660262	0.7777777777777778	22.0	2	-0.0246019557513
1496091911526	205	64	0	2.24287	0.15424147376195646	0.7676767676767677	23.0	2	-0.0128834953741
1496091911526	205	26	0	2.22902	0.15328901356069508	0.7575757575757576	24.0	2	-0.0176576829352
1496091911526	205	15	0	2.21215	0.152128868896776	0.7474747474747474	25.0	2	-0.0141855465271
1496091911526	205	29	0	2.07007	0.14235807139531637	0.7373737373737373	26.0	2	-0.00420315435393
1496091911526	205	95	0	1.95701	0.1345829702866802	0.7272727272727273	27.0	2	0.00230710141119
1496091911526	205	38	0	1.91292	0.13155091467125682	0.7121212121212122	28.5	2	-0.0029011032009
1496091911526	205	56	0	1.91292	0.13155091467125682	0.7121212121212122	28.5	2	-0.0029011032009
1496091911526	205	16	0	1.86057	0.1279508214195577	0.696969696969697	30.0	2	0.00968539127833
1496091911526	205	42	0	1.83209	0.12599226065912997	0.6868686868686869	31.0	2	0.00447718666623
1496091911526	205	88	0	1.82392	0.1254304122949202	0.6767676767676767	32.0	2	0.0083833401253
1496091911526	205	73	0	1.81015	0.12448345366882856	0.6666666666666667	33.0	2	0.0201018005025
1496091911526	205	32	0	1.77665	0.1221796690664996	0.6565656565656566	34.0	2	-0.0120154612721
1496091911526	205	18	0	1.7566	0.12080083678958331	0.6464646464646464	35.0	2	-0.00593922255796
1496091911526	205	36	0	1.73047	0.11900388479976673	0.6363636363636364	36.0	2	0.0118554765334
1496091911526	205	50	0	1.7143	0.11789187891858287	0.6262626262626263	37.0	2	0.00708128897228
1496091911526	205	91	0	1.70677	0.11737404315573102	0.6161616161616161	38.0	2	-0.00550520550695
1496091911526	205	8	0	1.69595	0.11662995511402359	0.6060606060606061	39.0	2	-0.00203306909889
1496091911526	205	9	0	1.69173	0.11633974702381976	0.595959595959596	40.0	2	0.00968539127833
1496091911526	205	25	0	1.68677	0.11599864936329583	0.5858585858585859	41.0	2	0.00968539127833
1496091911526	205	85	0	1.68435	0.11583222671441117	0.5757575757575757	42.0	2	-0.00724127371098
1496091911526	205	97	0	1.67167	0.11496022705000726	0.5656565656565656	43.0	2	-0.000731017945864
1496091911526	205	77	0	1.63447	0.11240199459607779	0.5555555555555556	44.0	2	-0.000297000894856
1496091911526	205	44	0	1.61197	0.11085467657958818	0.5454545454545454	45.0	2	0.00317513551321
1496091911526	205	22	0	1.58276	0.10884591394573659	0.5353535353535354	46.0	2	0.0127235106354
1496091911526	205	52	0	1.56748	0.1077951130883161	0.5252525252525253	47.0	2	0.00751530602329
1496091911526	205	13	0	1.55772	0.10712392091760772	0.5151515151515151	48.0	2	-0.00333512025191
1496091911526	205	63	0	1.55636	0.10703039413972212	0.505050505050505	49.0	2	-0.00854332486401
1496091911526	205	81	0	1.53073	0.10526782699471642	0.4949494949494949	50.0	2	-0.00203306909889
1496091911526	205	79	0	1.50499	0.10349769518385232	0.48484848484848486	51.0	2	0.0170636811455
1496091911526	205	27	0	1.46349	0.10064375306454929	0.4747474747474747	52.0	2	0.00187308436018
1496091911526	205	3	0	1.41579	0.09736343886959135	0.46464646464646464	53.0	2	-0.00116503499687
1496091911526	205	23	0	1.41401	0.09724102882206462	0.4545454545454546	54.0	2	-0.000297000894856
1496091911526	205	46	0	1.39955	0.09624661911013398	0.4444444444444444	55.0	2	-0.00333512025191
1496091911526	205	35	0	1.39452	0.09590070757133652	0.43434343434343436	56.0	2	-0.0029011032009
1496091911526	205	68	0	1.34764	0.09267678452186841	0.4242424242424242	57.0	2	-0.00333512025191
1496091911526	205	66	0	1.28953	0.08868057785794796	0.41414141414141414	58.0	2	0.00664727192127
1496091911526	205	60	0	1.19248	0.08200647948015616	0.4040404040404041	59.0	2	0.00100505025817
1496091911526	205	1	0	1.0	0.06876968962175983	0.3939393939393939	60	2	0.00143906730918
1496091911526	205	4	0	1.0	0.06876968962175983	0.38383838383838387	61	2	0.000137016156152
1496091911526	205	6	0	1.0	0.06876968962175983	0.3737373737373737	62	2	0.00143906730918
1496091911526	205	7	0	1.0	0.06876968962175983	0.36363636363636365	63	2	0.00057103320716
1496091911526	205	10	0	1.0	0.06876968962175983	0.3535353535353535	64	2	0.00404316961522
1496091911526	205	12	0	1.0	0.06876968962175983	0.3434343434343434	65	2	0.00057103320716
1496091911526	205	14	0	1.0	0.06876968962175983	0.33333333333333337	66	2	0.000137016156152
1496091911526	205	19	0	1.0	0.06876968962175983	0.3232323232323232	67	2	0.0027411184622
1496091911526	205	21	0	1.0	0.06876968962175983	0.31313131313131315	68	2	0.000137016156152
1496091911526	205	33	0	1.0	0.06876968962175983	0.303030303030303	69	2	0.00057103320716
1496091911526	205	34	0	1.0	0.06876968962175983	0.29292929292929293	70	2	0.000137016156152
1496091911526	205	39	0	1.0	0.06876968962175983	0.2828282828282829	71	2	0.000137016156152
1496091911526	205	40	0	1.0	0.06876968962175983	0.2727272727272727	72	2	0.00057103320716
1496091911526	205	47	0	1.0	0.06876968962175983	0.26262626262626265	73	2	0.00100505025817
1496091911526	205	48	0	1.0	0.06876968962175983	0.2525252525252525	74	2	0.00447718666623
1496091911526	205	49	0	1.0	0.06876968962175983	0.24242424242424243	75	2	0.000137016156152
1496091911526	205	51	0	1.0	0.06876968962175983	0.23232323232323238	76	2	0.000137016156152
1496091911526	205	53	0	1.0	0.06876968962175983	0.2222222222222222	77	2	0.000137016156152
1496091911526	205	54	0	1.0	0.06876968962175983	0.21212121212121215	78	2	0.000137016156152
1496091911526	205	55	0	1.0	0.06876968962175983	0.202020202020202	79	2	0.00317513551321
1496091911526	205	57	0	1.0	0.06876968962175983	0.19191919191919193	80	2	0.000137016156152
1496091911526	205	59	0	1.0	0.06876968962175983	0.18181818181818177	81	2	0.00404316961522
1496091911526	205	61	0	1.0	0.06876968962175983	0.1717171717171717	82	2	0.00360915256422
1496091911526	205	62	0	1.0	0.06876968962175983	0.16161616161616166	83	2	0.00187308436018
1496091911526	205	65	0	1.0	0.06876968962175983	0.1515151515151515	84	2	0.00404316961522
1496091911526	205	67	0	1.0	0.06876968962175983	0.14141414141414144	85	2	0.00491120371724
1496091911526	205	71	0	1.0	0.06876968962175983	0.13131313131313127	86	2	0.00404316961522
1496091911526	205	72	0	1.0	0.06876968962175983	0.12121212121212122	87	2	0.0027411184622
1496091911526	205	74	0	1.0	0.06876968962175983	0.11111111111111116	88	2	0.00143906730918
1496091911526	205	75	0	1.0	0.06876968962175983	0.101010101010101	89	2	0.0027411184622
1496091911526	205	76	0	1.0	0.06876968962175983	0.09090909090909094	90	2	0.000137016156152
1496091911526	205	78	0	1.0	0.06876968962175983	0.08080808080808077	91	2	0.00057103320716
1496091911526	205	80	0	1.0	0.06876968962175983	0.07070707070707072	92	2	0.00143906730918
1496091911526	205	82	0	1.0	0.06876968962175983	0.06060606060606055	93	2	0.0027411184622
1496091911526	205	84	0	1.0	0.06876968962175983	0.0505050505050505	94	2	0.000137016156152
1496091911526	205	86	0	1.0	0.06876968962175983	0.04040404040404044	95	2	0.000137016156152
1496091911526	205	87	0	1.0	0.06876968962175983	0.030303030303030276	96	2	0.00143906730918
1496091911526	205	94	0	1.0	0.06876968962175983	0.02020202020202022	97	2	0.00317513551321
1496091911526	205	98	0	1.0	0.06876968962175983	0.010101010101010055	98	2	0.00100505025817
1496091911526	205	99	0	1.0	0.06876968962175983	0.0	99	2	0.0027411184622
